! Map center:  195,210
155 170    12459   723   706   720   824   777   774   810  4521   796   722   718   720   676   708   763  4528   837   832   822   716   683   711   708
159 170    11684   724   709   718   821   776   769   808   731   796   721   714   718   675   704   762   868   839   834   823   716   683   708   710
163 170     7071   720   709   719   823   775   772   809   730   795   721   715   716   676   705   761   869   834   834   821   719   683   709   710
167 170    10897   723   707   718   822   776   771   809   730   795   721   715   718   675   706   763   869   837   834   821   715   683   707   708
171 170    11098   724   708   716   821   777   771   809   731   796   721   716   718   675   705   762   870   837   833   820   719   683   711   712
175 170     9540   723   706   719   823   775   770   809   732   795   721   716   719   673   707   762   870   838   833   821   714   684   710   706
179 170     8799   724   708   718   821   776   772   809   728   795   722   714   721   676   706   762   868   837   834   821   719   683   707   712
183 170     8214   722   707   718   822   774   772   809   730   796   720   715   718   675   706   763   869   837   834   822   716   684   710   708
187 170     8078   722   706   718   823   775   773   809   730   796   721   714   719   670   705   762   870   838   831   821   717   683   710   711
191 170     8131   722   708   719   822   776   771   810   729   795   721   714   719   675   703   762   867   837   835   821   718   684   711   712
195 170    11394   724   708   718   822   773   771   809   730   796   720   714   718   676   707   762   866   837   834   822   715   681   711   708
199 170     9252   723   708   719   822   775   769   809   730   795   721   713   719   675   706   762   869   838   834   820   719   683   707   712
203 170     9846   722   708   719   821   776   772   809   732   794   721   715   718   676   705   763   870   836   834   821   716   684   710   707
207 170    12351   724   708   717   819   775   775   809   731   793   721   716   720   674   705   761   871   837   834   821   716   683   709   709
211 170     9405   722   708   718   820   776   772   809   730   795   720   716   718   675   706   758   870   837   835   823   719   682   710   713
215 170    10487   723   708   717   823   774   773   809   730   794   722   717   719   675   705   761   871   837   832   822   715   684   711   711
219 170    10276   721   708   716   821   776   773   810   731   795   720   716   717   676   704   760   871   836   834   819   716   683   712   709
223 170    10559   723   708   716   823   776   772   810   731   796   721   716   718   675   704   762   870   835   834   822   718   683   711   713
227 170     7709   723   708   714   822   775   774   809   731   796   721   715   719   676   702   762   870   838   834   821   713   682   709   708
231 170    10627   723   707   719   823   778   773   809   731   796   721   716   719   672   706   762   871   837   832   822   719   684   711   714
235 170     9060   722   706   718   822   775   773   809   731   795   721   717   718   673   707   762   871   838   833   821   715   684   711   707
155 174    10090   722   707   716   823   775   771   808   732   795   720   718   718   674   705   762   870   837   834   819   718   682   712   713
159 174     9272   723   706   718   822   775   772   810   730   795   720   716   719   674   705   761   868   837   833   821   715   682   709   708
163 174     8912   722   707   717   821   777   775   809   730   794   724   716   719   674   705   761   870   834   834   821   720   684   710   711
167 174    12401   723   708   719   824   775   771   810   728   796   721   714   717   675   707   762   869   837   835   820   714   683   709   707
171 174    11937   724   708   719   822   775   773   809   730   796   719   717   719   675   707   763   868   837   834   821   719   679   710   714
175 174    11203   724   709   716   822   775   773   809   730   795   721   716   718   676   705   762   870   837   834   819   716   684   709   709
179 174    11005   724   708   718   822   771   773   808   730   796   717   717   718   677   707   762   870   838   835   822   717   680   711   709
183 174    12665   724   709   716   823   775   771   809   729   796   721   717   718   675   705   762   869   836   835   819   719   684   712   713
187 174     8686   719   708   718   823   776   772   810   731   796   721   716   716   676   705   763   869   835   835   821   714   683   710   707
191 174     9569   723   708   719   822   776   770   809   730   795   719   715   719   674   707   762   868   837   834   821   719   683   708   714
195 174     9907   722   709   718   821   776   772   807   730   796   720   715   716   675   707   761   870   838   835   822   716   684   710   707
199 174    11622   723   708   718   822   775   772   807   731   795   718   716   719   674   707   761   870   838   835   822   717   684   710   710
203 174    10961   722   708   719   822   776   772   807   731   794   721   714   718   675   705   763   870   835   836   821   718   684   708   711
207 174    11078   723   707   720   822   775   773   809   729   797   722   715   719   676   706   762   867   838   836   822   716   681   709   709
211 174     7862   720   708   719   819   776   772   809   731   794   721   716   720   675   704   761   870   838   835   821   717   683   711   713
215 174    11306   724   708   716   822   776   772   809   731   796   721   716   719   675   703   762   870   836   834   818   715   684   711   706
219 174    12024   724   708   719   820   777   773   809   731   794   720   717   719   676   707   763   871   837   834   822   717   682   711   709
223 174     9369   724   708   717   822   776   770   809   732   797   721   718   719   675   705   762   871   837   834   820   717   683   711   710
227 174     7227   724   708   720   820   776   773   806   731   795   718   717   718   676   705   763   871   838   835   821   717   684   710   710
231 174    12453   725   708   719   821   776   773   810   728   796   721   715   719   676   706   762   868   837   832   823   719   683   711   711
235 174    10879   724   708   718   823   776   773   809   730   795   719   717   717   676   707   763   870   837   834   823   715   683   709   708
155 178     9995   723   709   718   823   776   771   811   732   794   721   716   717   675   707   761   870   835   835   821   715   683   708   709
159 178     8259   720   708   719   821   776   773   809   731   795   721   716   720   676   706   759   871   836   836   822   716   683   710   708
163 178    10953   724   709   719   822   776   773   810   731   797   721   714   718   675   704   762   871   836   835   822   720   683   709   715
167 178     8751   720   708   718   821   776   773   807   731   795   721   715   718   675   704   763   870   836   835   820   715   683   710   707
171 178    10145   724   709   718   823   776   769   809   731   797   719   713   719   675   706   763   870   838   835   822   717   684   707   710
175 178     9535   723   708   721   821   776   771   810   731   796   722   714   719   677   707   760   870   839   834   822   716   682   708   710
179 178     8542   722   708   719   823   774   772   809   731   796   720   715   717   675   706   762   871   837   835   822   718   683   710   710
183 178     9415   721   709   717   823   778   774   809   732   795   722   717   718   674   704   762   869   837   833   820   719   683   710   711
187 178     9037   724   709   721   822   775   771   810   731   797   721   716   718   676   707   762   871   837   835   822   715   682   709   708
191 178    10583   724   709   720   822   776   771   810   732   795   721   713   719   676   706   763   871   837   835   824   721   683   707   713
195 178     9939   724   708   716   823   776   770   810   731   794   722   716   719   676   705   763   871   837   835   822   716   684   709   709
199 178     9320   720   709   719   823   776   772   810   731   796   721   716   719   676   706   763   870   837   835   822   716   684   711   711
203 178    11235   723   707   719   821   775   773   807   732   796   720   717   717   675   707   760   871   837   834   822   717   684   711   711
207 178    11868   723   707   719   822   778   773   809   729   796   718   715   717   673   707   761   869   837   834   822   715   684   711   710
211 178     8254   723   708   718   825   777   773   809   730   794   721   714   716   676   707   762   872   837   835   823   721   683   710   712
215 178    10808   722   708   719   823   776   773   809   730   795   721   716   720   674   706   762   870   837   834   822   715   684   711   708
219 178     9812   724   709   719   820   776   773   809   730   794   720   717   718   675   706   760   871   839   835   822   718   686   711   712
223 178     8964   724   708   718   822   778   772   809   725   795   721   717   718   673   707   762   866   838   835   819   714   684   711   709
227 178     8732   720   707   719   820   776   773   808   731   796   721   716   718   675   707   760   871   836   833   822   718   683   710   714
231 178     9410   724   707   719   823   777   773   808   731   794   721   717   716   677   707   761   870   837   837   822   716   683   710   707
235 178     8996   723   708   717   823   777   772   809   731   795   721   715   719   677   706   763   871   837   836   821   718   683   708   711
155 182     6142   722   708   719   822   776   773   811   732   797   719   716   718   676   706   760   871   837   833   822   717   682   710   706
159 182     9454   724   709   718   821   777   773   809   730   792   721   714   717   675   707   764   871   838   836   823   720   684   711   710
163 182     9795   724   708   718   823   778   772   808   731   797   721   716   719   673   705   763   871   838   834   824   716   683   710   707
167 182     9614   723   708   719   821   776   771   810   731   796   721   714   721   676   706   762   871   836   835   823   719   684   708   713
171 182    11049   724   708   717   822   777   773   810   730   794   721   716   719   675   703   762   870   839   835   824   717   683   710   711
175 182    11733   724   708   719   820   776   772   808   731   793   722   716   718   676   706   763   870   838   837   822   716   683   711   706
179 182     9421   723   709   719   823   776   774   808   731   796   719   717   718   674   706   761   872   838   834   822   718   681   712   715
183 182    12950   722   708   719   822   776   769   809   731   796   721   716   715   676   706   762   871   840   835   823   717   683   710   708
187 182    12211   724   707   719   822   777   773   810   729   796   720   715   719   672   707   762   868   838   834   822   718   684   711   712
191 182     9868   722   710   720   824   775   774   808   733   796   718   716   718   676   706   762   873   837   835   822   717   680   711   712
195 182    10817   723   708   717   823   775   770   810   731   796   721   716   719   677   706   762   871   837   833   819   714   681   711   710
199 182    11802   724   708   720   823   776   774   809   729   797   719   716   719   674   707   763   870   838   834   821   720   684   711   713
203 182     8821   723   709   719   822   777   771   808   732   797   721   714   719   676   707   763   870   838   834   822   714   683   708   708
207 182    13006   725   708   719   823   777   772   807   731   796   720   715   718   676   707   764   871   838   834   823   719   683   710   714
211 182     5881   722   708   719   820   777   773   810   730   795   720   717   721   675   707   761   871   836   835   821   715   684   711   708
215 182     9980   724   708   720   823   776   773   806   732   795   719   717   719   673   707   762   870   838   835   822   717   684   711   711
219 182    11464   724   707   720   822   772   773   810   730   796   721   715   720   676   706   762   871   838   832   823   719   680   711   712
223 182     7055   721   709   719   820   776   773   810   732   793   721   717   716   676   707   763   871   836   835   822   718   683   710   708
227 182    10267   724   709   719   823   776   768   810   732   797   722   715   719   676   707   763   871   838   835   822   718   683   706   709
231 182    10549   724   709   717   823   776   772   810   731   796   722   713   719   676   706   762   868   839   836   821   719   683   707   712
235 182    10228   726   708   719   822   778   773   809   730   794   718   717   719   674   707   762   872   838   835   822   717   682   711   710
155 186     9766   724   708   720   823   776   771   809   730   796   723   714   719   676   709   763   871   836   834   822   719   683   708   710
159 186    11021   723   708   719   821   776   773   810   731   794   722   717   718   676   708   763   871   838   833   822   716   684   710   707
163 186     9593   722   710   718   822   777   773   811   731   795   721   713   718   676   705   762   871   840   835   822   721   684   710   713
167 186     9448   721   707   719   823   774   773   809   731   797   721   717   717   677   707   761   871   836   835   823   715   684   710   707
171 186    11013   723   707   718   823   775   773   810   730   795   721   716   719   674   707   763   871   838   835   824   719   682   710   713
175 186    10535   724   707   718   823   774   773   810   730   796   722   717   719   676   707   763   869   838   834   823   715   682   710   707
179 186    10617   724   709   717   823   776   773   810   730   796   722   713   719   677   706   763   870   838   835   823   720   683   707   711
183 186     9252   722   709   717   821   777   771   809   731   795   721   716   719   676   705   763   870   837   835   822   715   684   711   708
187 186     9239   723   708   718   823   775   773   810   729   796   722   714   720   675   708   762   868   839   834   822   720   683   709   711
191 186    12503   724   708   719   823   777   773   809   732   796   720   716   718   675   706   761   871   838   835   822   716   680   711   707
195 186    13034   725   709   720   823   778   773   809   730   796   721   715   719   674   705   762   870   839   834   821   718   683   708   711
199 186     9402   722   708   718   822   777   772   810   731   795   721   716   716   676   706   759   871   838   836   821   715   683   709   707
203 186    10653   722   710   720   822   777   773   811   731   796   721   716   716   676   706   758   871   839   835   824   722   683   709   714
207 186     9443   723   709   720   823   774   773   809   733   798   721   717   719   673   707   762   873   837   836   822   713   684   711   710
211 186    11342   723   705   718   823   776   774   807   730   796   721   718   719   675   705   763   869   838   833   822   721   683   711   713
215 186    11119   725   707   717   823   776   774   810   731   797   722   718   719   674   704   763   872   837   834   821   715   683   712   708
219 186    10719   724   711   718   823   777   772   810   730   796   720   718   719   675   706   762   870   838   834   821   720   682   712   714
223 186    10843   724   709   719   820   776   773   807   731   796   719   717   719   673   707   764   871   839   836   822   714   684   711   703
227 186     4788   723   707   718   823   775   774   810   729   797   721   716   720   677   707   762   868   838   835   821   720   681   709   714
231 186    12339   724   706   719   823   774   774   811   731   796   718   717   719   672   707   763   871   838   833   823   715   683   711   706
235 186    10494   724   709   718   823   776   773   810   732   796   721   716   720   676   706   762   872   838   836   821   719   683   711   713
155 190     6759   723   708   717   823   777   772   810   729   797   721   716   719   675   705   763   868   838   835   819   720   684   710   714
159 190     7638   723   708   717   823   775   772   811   730   797   720   714   719   675   704   763   871   838   835   821   713   683   709   707
163 190    11555   723   708   718   823   777   773   807   731   793   722   717   717   675   705   763   870   838   835   821   720   684   710   714
167 190     8962   722   707   719   821   774   773   810   731   798   721   716   718   677   707   762   871   838   835   823   715   680   711   709
171 190     9960   722   709   719   824   776   774   811   731   797   721   716   720   675   707   762   870   838   835   822   719   683   711   713
175 190    13492   724   709   720   822   774   774   811   731   797   721   716   719   679   706   762   870   836   836   823   715   682   711   712
179 190    12341   724   709   719   821   776   773   811   729   796   722   716   719   676   707   763   868   837   836   821   719   683   709   715
183 190    14524   724   708   720   822   776   774   812   731   796   722   718   716   674   707   759   871   838   835   822   713   683   711   710
187 190    13708   723   709   719   823   777   772   810   731   795   721   717   719   676   707   762   871   838   835   823   719   682   710   715
191 190    14009   726   710   718   824   777   771   811   732   795   722   715   718   677   705   761   871   838   836   823   714   684   711   707
195 190    13646   724   709   720   824   778   774   809   730   797   721   713   719   675   704   763   869   839   835   821   717   684   710   711
199 190    13709   726   709   718   824   776   773   810   730   796   722   716   720   676   706   762   869   839   836   820   718   683   711   711
203 190    12660   724   708   719   824   776   774   810   731   795   721   717   718   676   708   763   871   838   835   822   717   682   712   708
207 190    11489   725   709   719   824   777   774   810   732   797   720   717   718   676   707   760   870   839   835   823   718   683   711   714
211 190     9587   724   704   720   823   776   774   811   731   796   720   717   719   672   707   762   871   838   833   822   714   683   711   705
215 190    10114   725   707   720   823   777   774   808   732   796   721   716   718   676   707   764   871   838   834   823   719   683   711   712
219 190    11622   719   710   719   821   777   772   810   731   797   722   717   717   676   707   762   871   835   836   823   716   684   711   711
223 190    10319   725   709   719   823   777   774   811   731   796   723   717   719   678   707   760   871   838   837   823   718   685   711   714
227 190     7239   723   709   717   824   777   771   811   730   796   721   717   719   676   703   763   871   837   836   818   713   683   704   709
231 190     7413   724   709   717   823   776   773   810   730   796   721   719   719   676   704   763   870   839   836   824   720   683   709   714
235 190     7713   720   709   719   821   776   773   811   732   794   723   717   720   676   707   761   872   837   836   824   717   684   711   711
155 194     8756   723   706   719   823   776   774   808   731   796   723   717   717   675   707   763   871   839   834   823   715   683   711   706
159 194    10247   724   709   719   822   777   774   809   731   796   719   717   719   674   707   763   871   839   836   822   719   685   711   711
163 194    11126   724   709   717   823   776   773   811   730   797   721   716   720   675   704   763   871   839   836   822   716   684   713   708
167 194    10123   722   708   719   820   778   773   810   732   797   721   717   721   676   707   758   871   837   836   823   719   685   712   715
171 194    12922   725   710   720   823   777   776   811   732   794   721   717   718   676   706   763   872   837   835   823   718   684   710   707
175 194    10360   725   707   720   823   777   774   810   728   797   722   714   719   674   706   763   869   839   835   822   720   683   712   716
179 194    12489   725   709   720   824   777   773   811   732   796   722   716   719   676   707   762   872   834   835   823   715   684   710   713
183 194    16071   726   707   720   824   772   773   810   730   797   720   717   719   674   707   763   870   840   835   822   718   683   711   714
187 194    13542   723   710   718   823   777   771   811   733   796   721   718   719   676   703   762   872   837   836   822   717   684   709   712
191 194    17292   726   709   718   823   777   773   811   730   797   721   715   721   676   707   763   870   839   835   822   717   683   710   716
195 194    14456   726   708   717   824   777   772   811   730   795   722   717   719   676   706   763   873   838   835   821   713   684   711   707
199 194    15920   726   709   720   821   778   774   808   732   794   721   716   719   675   707   760   872   838   835   823   720   683   712   709
203 194    13955   726   710   719   823   777   774   810   732   797   721   717   719   677   707   763   872   839   834   823   718   680   711   706
207 194    12439   725   709   718   823   778   772   811   732   796   722   717   719   677   704   763   871   837   836   822   721   684   713   715
211 194    10111   724   707   720   823   773   774   811   729   797   721   717   719   675   707   762   869   838   835   823   714   682   711   710
215 194     9878   724   709   719   820   777   774   806   732   797   720   717   718   676   707   764   871   837   834   823   722   684   711   714
219 194    10539   725   708   719   823   775   774   811   731   796   721   719   720   676   708   763   870   838   835   821   713   683   708   708
223 194    11061   724   710   719   820   777   775   809   732   795   721   718   717   676   707   762   871   837   835   822   718   683   711   717
227 194    11391   724   709   715   823   778   770   811   731   796   722   715   719   676   704   763   872   839   836   822   718   684   709   706
231 194    10213   724   709   719   823   778   774   811   732   797   720   717   719   673   707   763   871   840   834   823   723   680   711   712
235 194    11342   724   709   719   822   777   774   810   732   797   721   717   717   676   707   761   871   839   836   823   716   684   711   708
155 198     9533   725   709   720   823   777   773   810   728   797   722   716   720   676   707   763   868   839   836   823   716   683   710   712
159 198     8219   725   708   720   824   776   774   808   731   797   722   717   719   675   707   762   871   839   834   823   722   684   712   717
163 198    10009   724   708   720   823   777   774   811   732   797   719   716   720   675   707   763   871   838   834   823   713   682   711   707
167 198    11708   725   707   719   824   775   774   810   731   796   722   717   720   676   707   763   872   839   835   822   717   682   711   718
171 198    14128   726   709   717   824   778   771   810   732   798   722   716   719   676   707   762   872   835   836   823   718   684   708   707
175 198    13836   725   709   719   822   777   772   810   731   796   721   717   719   676   707   763   872   840   836   822   718   683   711   712
179 198    13720   726   709   717   822   778   772   811   731   794   722   716   719   676   706   763   871   839   836   825   714   684   710   706
183 198    17397   727   710   720   824   776   774   810   732   797   721   717   719   674   707   763   871   840   835   824   720   684   712   711
187 198    20313   727   709   719   823   777   774   812   728   795   722   717   720   676   707   762   871   837   836   820   713   683   709   712
191 198    18030   726   707   720   821   778   774   809   731   795   721   717   716   674   708   762   871   839   836   823   716   682   711   712
195 198    18311   727   709   720   823   776   775   812   730   796   722   716   720   677   707   763   870   839   836   822   715   683   712   711
199 198    19583   727   709   720   824   777   774   810   731   797   720   715   718   677   706   761   871   839   836   823   715   683   710   711
203 198    17426   728   709   717   823   777   770   810   731   797   722   715   719   677   706   762   871   838   836   823   720   683   711   710
207 198    13414   723   708   718   822   775   774   811   731   798   721   717   719   676   706   763   871   836   836   823   716   682   711   712
211 198    10619   724   708   718   822   778   774   808   732   797   721   715   719   676   705   761   871   839   834   822   717   684   710   709
215 198     9857   723   709   719   824   777   773   811   732   793   721   718   718   677   707   763   872   841   837   821   720   684   712   713
219 198     9406   723   709   719   825   777   771   811   731   798   722   716   717   676   707   763   871   840   836   822   714   684   709   713
223 198    13075   726   709   719   824   777   771   811   731   798   722   717   719   677   704   763   871   838   836   822   720   683   711   709
227 198     9835   725   707   720   824   778   774   811   731   797   720   717   720   676   708   763   869   839   834   824   715   682   711   710
231 198    10745   723   708   719   824   777   773   810   732   794   722   717   717   676   707   764   872   838   836   823   721   684   711   711
235 198    12809   725   709   718   824   777   775   810   730   797   723   713   719   676   704   763   870   839   836   822   714   684   709   706
155 202    11660   725   707   719   823   776   774   811   732   796   721   717   719   677   708   762   872   839   834   823   718   684   711   709
159 202    10830   726   707   720   823   776   774   809   731   796   722   717   719   675   707   762   873   839   834   823   719   683   712   716
163 202    10919   724   709   719   822   777   773   810   731   797   722   716   720   677   706   763   870   839   836   821   716   684   709   706
167 202     9768   723   709   719   822   777   774   811   732   796   720   718   716   676   707   763   872   840   837   823   718   682   711   709
171 202    12359   725   709   717   824   774   773   811   731   797   721   715   720   675   706   764   872   840   834   823   717   682   710   710
175 202    15055   723   708   720   823   776   774   809   732   794   719   717   718   676   708   764   872   838   836   823   714   683   712   709
179 202    17574   728   709   720   824   777   772   810   732   796   723   714   720   676   707   764   871   840   835   823   719   685   709   715
183 202    19740   728   710   718   821   777   773   807   731   795   721   717   717   676   707   765   872   839   835   825   716   684   713   711
187 202    22337   727   710   720   824   777   774   810   732   796   721   717   717   675   708   764   872   838   834   824   718   681   711   712
191 202    24319   728   710   718   822   777   773   811   732   797   722   717   720   676   707   763   870   834   836   822   715   683   712   708
195 202    23179   728   710   720   824   773   775   811   728   797   719   718   719   676   708   763   871   839   836   823   723   685   713   714
199 202    19848   728   709   718   824   778   770   811   732   796   721   716   720   676   707   764   870   840   835   823   713   683   709   710
203 202    19347   727   710   720   823   778   773   811   732   797   722   720   719   677   706   763   871   839   836   820   718   684   711   714
207 202    14080   725   709   721   824   778   774   808   731   796   721   717   720   677   708   761   872   839   836   822   717   684   711   712
211 202    14423   726   709   719   825   777   774   811   732   794   722   717   719   676   707   763   872   836   836   823   717   684   711   714
215 202    14935   725   709   718   823   777   773   811   731   796   723   716   720   677   707   763   872   839   836   821   719   685   710   715
219 202     6416   722   707   720   823   777   775   812   732   796   721   717   716   677   708   763   872   838   836   823   716   683   711   713
223 202    10729   725   710   721   824   778   774   811   730   798   722   717   719   676   706   762   869   839   836   823   715   684   710   710
227 202     9959   726   709   719   822   777   774   811   731   794   721   718   719   675   708   763   872   833   836   823   717   684   711   712
231 202     9479   725   709   719   824   778   772   810   732   795   722   718   719   676   704   763   872   838   836   823   715   684   711   710
235 202     7597   724   709   720   824   777   773   811   731   797   721   716   719   676   705   763   872   839   835   823   719   683   709   715
155 206     5092   723   709   720   824   776   773   811   732   797   722   715   720   676   707   763   872   839   835   824   719   683   708   713
159 206     8690   724   710   717   824   777   774   811   731   797   722   716   719   676   707   763   871   840   836   822   716   684   708   710
163 206    12311   725   708   720   824   775   775   811   730   796   722   716   718   676   708   764   869   839   834   822   715   683   710   712
167 206    12271   725   709   720   824   777   775   811   730   797   721   717   721   673   708   764   872   840   836   824   720   682   711   712
171 206    15460   726   707   720   824   774   774   811   731   797   722   718   719   675   708   763   872   839   835   822   716   679   711   708
175 206    15518   726   709   719   824   778   774   812   732   797   722   714   721   677   705   763   872   838   837   822   719   684   708   714
179 206    19060   724   709   720   821   777   775   810   732   798   721   717   717   677   708   761   872   840   835   823   716   683   711   710
183 206    24315   728   709   719   823   777   776   810   732   796   721   717   720   676   706   764   872   840   837   823   721   684   712   709
187 206    23711   729   711   719   824   776   773   811   731   797   719   716   720   677   707   763   871   839   833   822   716   684   710   710
191 206    22876   728   711   720   824   777   774   812   732   796   719   717   720   676   707   764   871   840   834   823   717   683   711   712
195 206    24829   730   709   719   823   778   773   809   731   796   723   716   718   677   706   762   871   838   836   822   715   684   710   710
199 206    22282   728   709   720   823   777   774   809   732   796   722   717   719   676   708   762   870   840   836   823   720   684   711   711
203 206    19610   727   710   720   824   775   774   811   734   798   721   718   720   676   708   763   872   839   836   823   716   683   711   710
207 206    11287   725   709   718   824   777   772   811   730   797   722   714   720   677   706   763   870   839   836   820   719   684   710   713
211 206    13231   726   709   719   824   777   772   811   731   797   722   714   719   676   707   763   869   840   836   823   715   684   706   708
215 206     9413   725   707   721   823   778   774   811   732   797   719   718   719   675   708   763   872   840   833   824   719   683   711   714
219 206    10169   721   709   720   822   778   775   812   732   797   722   717   718   676   708   762   872   839   835   823   716   684   711   708
223 206    11596   725   710   718   823   777   773   811   732   797   722   717   718   677   705   763   871   839   836   823   719   685   711   715
227 206    11277   723   709   719   824   778   773   811   732   796   722   714   719   677   706   763   872   839   836   824   716   684   708   710
231 206     8827   723   709   720   824   778   773   811   732   797   721   719   719   676   707   763   873   841   836   823   720   684   711   715
235 206    11038   726   710   717   824   777   771   810   731   796   722   717   719   675   706   762   872   839   835   823   715   686   710   714
155 210     9659   724   710   720   824   777   775   810   732   797   722   717   720   677   708   763   872   838   834   823   719   686   711   713
159 210    10973   725   709   720   821   778   775   811   732   796   722   718   717   676   708   762   872   840   835   823   715   684   712   707
163 210    10502   725   710   717   824   777   771   811   732   797   722   715   719   677   706   764   871   838   837   822   717   684   708   714
167 210    13303   726   709   717   824   778   772   811   733   795   722   717   720   677   707   763   871   837   836   823   715   685   708   711
171 210    14553   726   710   720   822   778   774   811   732   796   722   718   718   677   708   762   872   839   837   824   719   684   711   709
175 210    17355   725   710   716   823   778   774   811   732   796   721   715   718   676   707   763   872   837   836   823   719   684   708   709
179 210    14824   725   709   719   823   776   775   812   731   797   721   717   719   673   707   763   871   840   836   822   715   682   708   709
183 210    23540   728   709   719   822   776   774   811   732   797   722   717   716   676   708   761   872   840   836   824   720   684   712   715
187 210    22913   728   712   719   824   778   772   811   732   798   720   717   719   676   707   764   872   839   835   823   716   684   711   707
191 210    23589   729   710   718   823   777   774   812   732   797   721   715   719   677   705   762   872   840   837   822   719   682   711   713
195 210    20707   728   709   719   823   777   775   809   732   796   721   717   718   676   705   760   872   841   837   823   716   684   709   710
199 210    21054   729   709   720   824   776   775   812   730   797   722   717   720   677   707   762   870   840   834   822   717   682   711   713
203 210    19707   728   709   721   823   777   774   814   731   795   721   717   719   677   708   761   872   840   835   823   718   684   712   713
207 210    16767   726   710   720   822   778   775   811   732   796   722   718   719   677   708   759   872   839   836   824   715   683   712   707
211 210    16125   726   710   718   824   777   774   811   728   797   722   718   719   677   709   763   870   840   836   821   718   684   711   716
215 210     6801   723   709   717   824   778   773   811   732   796   722   715   720   677   707   764   872   837   836   822   714   684   709   710
219 210     7656   724   708   719   824   777   775   811   730   797   723   718   720   676   707   763   872   840   835   824   719   683   711   713
223 210    10807   725   707   719   824   777   774   811   731   797   719   716   720   676   708   763   871   840   836   824   720   682   711   713
227 210     8512   725   709   721   823   778   773   811   732   795   723   717   720   677   707   763   871   839   836   824   717   684   712   709
231 210    12197   726   709   721   824   777   774   809   731   797   722   717   717   677   709   763   871   840   837   823   720   684   712   714
235 210     9040   724   709   720   823   777   775   810   732   797   722   717   718   677   708   762   871   839   837   822   715   684   712   710
155 214    10525   725   708   720   823   779   775   808   731   797   722   717   720   676   708   763   873   840   837   824   722   684   711   711
159 214     7579   724   710   717   824   778   774   811   729   797   722   713   720   677   707   763   870   839   836   821   713   684   710   709
163 214    10010   724   709   717   824   778   772   811   731   797   722   718   720   677   707   764   873   840   836   823   720   684   712   713
167 214    14753   725   709   720   823   778   774   809   732   794   723   718   719   677   708   762   872   838   836   824   715   684   712   710
171 214    12334   725   709   721   822   778   774   812   732   798   721   718   719   676   707   760   872   839   837   823   716   684   711   711
175 214    15160   724   710   721   824   778   773   811   732   797   722   716   719   676   708   762   872   839   837   822   719   683   710   713
179 214    19182   729   709   720   825   777   775   810   732   798   722   718   718   676   707   763   872   838   836   825   716   684   712   709
183 214    23507   729   709   720   825   778   771   811   732   797   721   718   720   676   706   763   872   840   835   823   718   685   711   712
187 214    24296   729   709   720   824   779   775   811   732   798   719   718   720   676   709   763   873   838   835   824   717   684   712   711
191 214    26509   729   709   721   822   778   774   812   731   796   722   717   717   676   706   761   873   839   837   823   719   685   710   715
195 214    21840   727   710   720   823   778   774   811   732   797   723   717   715   677   708   761   872   840   836   824   715   684   711   707
199 214    21630   728   711   720   825   777   775   812   732   797   718   718   719   676   709   763   873   840   833   823   719   686   711   716
203 214    20803   728   710   720   824   778   775   812   730   797   722   717   719   677   709   764   871   839   837   822   714   683   712   709
207 214    14350   726   710   720   824   773   774   811   730   797   722   718   720   677   708   763   871   840   836   823   719   684   712   714
211 214    13958   726   709   720   824   774   775   811   727   797   722   718   720   673   707   763   870   839   837   823   718   684   712   710
215 214     8486   724   708   721   824   777   773   809   732   796   721   718   719   676   708   762   873   840   836   824   715   685   711   709
219 214    11764   725   706   719   825   778   774   811   732   797   722   718   719   677   708   763   871   840   836   823   720   682   710   714
223 214    10948   724   708   720   821   778   775   809   732   797   722   717   717   676   708   762   871   840   836   824   716   684   711   709
227 214    10551   725   710   717   824   779   773   812   732   797   723   716   720   678   705   763   872   840   835   824   719   683   709   714
231 214     8487   724   709   719   823   778   771   803   732   797   722   718   720   676   706   761   872   839   835   825   719   683   711   711
235 214     6449   721   712   720   822   778   774   812   732   796   719   718   718   678   707   762   872   840   833   824   717   681   711   710
155 218     7913   725   709   720   824   778   775   812   729   797   723   716   720   677   707   763   871   839   837   823   717   685   710   712
159 218    11789   723   709   721   824   777   774   811   732   790   722   718   719   677   708   763   872   839   837   825   716   683   711   714
163 218     9786   723   709   719   822   778   772   811   732   796   722   717   719   677   705   763   872   839   838   824   716   684   711   711
167 218     9590   724   710   718   824   778   771   811   732   796   722   715   718   676   709   762   872   840   837   822   719   684   709   715
171 218    14081   726   709   721   823   778   775   811   731   796   722   717   719   677   708   761   872   839   837   824   716   684   711   709
175 218    14255   727   709   721   824   774   775   812   731   796   722   717   719   674   708   763   871   839   836   824   718   683   712   710
179 218    14447   725   710   720   824   778   775   812   731   795   722   718   719   677   707   764   871   837   837   822   719   684   713   711
183 218    20861   728   710   720   824   776   775   811   730   797   722   718   719   676   708   760   871   840   836   825   715   683   711   706
187 218    21761   727   709   721   822   777   774   810   732   796   722   718   717   676   707   762   872   840   837   824   719   684   711   710
191 218    19715   726   710   721   823   778   775   809   732   794   722   718   720   677   708   759   873   840   837   824   715   684   712   708
195 218    23137   729   710   720   824   779   774   811   733   797   722   718   719   677   708   763   872   837   836   824   718   684   711   712
199 218    19846   728   710   717   824   777   775   811   732   797   722   714   720   677   707   763   872   840   837   821   715   684   708   709
203 218    19453   728   711   721   822   778   772   812   733   796   722   718   720   677   707   763   872   839   838   824   720   685   711   713
207 218    15537   727   709   721   823   780   775   812   731   797   721   718   717   674   708   762   872   839   835   824   717   684   712   714
211 218    13927   724   709   719   825   778   774   812   731   797   721   715   719   677   706   762   873   840   836   822   717   684   712   708
215 218    12081   725   710   718   824   778   773   811   731   797   722   717   720   677   705   762   872   840   835   824   722   684   710   716
219 218    10714   725   708   722   824   778   775   811   731   797   721   717   720   677   706   760   873   841   836   822   717   684   712   708
223 218    12230   725   707   720   823   777   774   813   731   796   721   718   718   673   708   763   872   838   837   824   719   680   711   713
227 218     6866   724   706   720   824   778   775   811   731   796   721   718   719   678   708   762   872   839   834   824   715   681   711   711
231 218     9779   725   709   720   824   777   774   812   731   798   722   715   719   675   708   763   872   840   837   821   719   684   710   713
235 218    10392   726   709   720   825   778   772   811   731   798   721   717   720   677   704   764   871   840   836   824   717   684   710   712
155 222    10534   723   709   721   822   778   775   811   732   792   722   718   718   676   708   763   873   836   837   825   718   684   712   709
159 222    12943   726   709   721   824   779   775   815   732   797   722   718   717   676   708   762   872   839   838   824   718   684   712   716
163 222    10684   725   709   721   820   778   775   812   732   797   720   718   717   675   708   764   873   840   835   824   715   681   712   707
167 222    14434   727   710   721   824   778   775   811   732   794   719   718   719   677   707   764   873   840   837   824   717   683   712   712
171 222    12232   728   709   721   823   776   775   811   733   794   723   718   721   674   708   764   872   838   837   824   718   683   711   711
175 222    15555   725   709   721   825   777   775   813   731   797   722   718   719   677   708   763   873   839   837   823   715   684   711   710
179 222    15734   727   709   721   824   778   775   810   732   798   721   718   720   676   709   762   872   840   836   825   719   684   712   714
183 222    16726   726   710   721   824   778   774   812   732   797   722   719   720   678   706   764   873   839   836   823   716   684   711   709
187 222    15898   727   710   720   823   778   775   811   732   797   721   718   717   678   708   763   872   840   838   825   719   683   711   713
191 222    19793   728   708   721   824   774   774   812   731   798   720   717   720   677   708   764   870   840   837   825   716   683   712   708
195 222    17537   726   710   722   824   778   774   812   732   797   722   718   720   677   708   764   873   839   837   824   719   684   711   715
199 222    18829   727   708   721   825   777   775   812   732   797   722   717   720   677   708   764   872   840   837   824   717   684   711   710
203 222    13868   726   700   720   824   781   774   812   731   798   721   718   721   674   708   764   871   840   836   823   717   685   712   714
207 222    14352   726   710   721   820   778   776   810   732   797   722   718   717   677   708   763   873   840   836   825   720   682   712   716
211 222    12787   724   710   721   826   778   775   811   732   793   722   718   717   676   708   763   871   838   837   824   717   683   711   708
215 222    12211   726   710   717   822   778   776   811   732   797   722   714   717   677   708   765   872   839   837   822   718   684   710   711
219 222    10274   725   706   720   824   779   775   812   732   796   721   718   719   672   708   763   873   839   837   824   720   679   711   713
223 222    10310   725   710   721   824   779   773   812   732   798   721   718   720   675   709   763   873   839   837   824   715   683   711   707
227 222     9038   726   708   719   824   779   771   808   732   797   721   718   720   677   704   759   873   839   837   824   720   684   711   713
231 222     9525   725   708   716   825   777   775   812   732   797   723   715   720   675   707   763   873   840   837   822   716   682   712   710
235 222    10960   725   710   718   825   778   776   813   732   797   722   716   719   676   703   763   874   839   837   825   717   684   707   711
155 226    12005   725   709   720   825   778   773   812   732   798   722   713   719   676   702   764   872   840   837   821   719   684   711   714
159 226     8664   725   710   720   824   776   774   812   730   797   722   719   720   674   708   763   874   840   837   823   715   682   712   710
163 226     8398   724   709   719   823   778   776   812   732   798   721   714   720   677   708   763   872   838   837   823   719   684   710   713
167 226    12181   726   710   719   825   779   774   811   734   795   722   717   721   677   707   764   873   839   838   823   716   685   712   713
171 226     9630   725   710   720   824   778   774   812   731   796   722   718   719   677   709   763   873   840   837   824   721   684   711   713
175 226    15276   727   710   720   825   779   775   812   732   798   722   718   720   677   707   763   872   839   837   824   716   684   712   707
179 226    11739   726   709   721   823   778   775   812   733   797   722   719   719   677   708   764   872   840   838   824   717   684   712   713
183 226    16023   726   709   720   824   778   774   812   732   797   722   719   714   677   708   763   872   840   837   820   717   684   711   713
187 226    16151   727   710   721   822   774   775   814   731   798   722   718   720   673   708   760   872   840   838   824   715   682   712   709
191 226    12841   725   711   724   825   778   775   812   731   797   723   708   720   677   708   764   873   839   836   825   720   684   714   715
195 226    14625   726   709   720   824   779   775   810   732   798   724   718   720   676   708   760   872   841   834   824   716   683   711   710
199 226    14522   726   710   715   824   779   775   812   731   798   722   716   720   676   705   763   873   840   837   820   718   684   705   711
203 226    13241   726   709   720   825   772   776   812   731   797   722   718   720   670   709   764   873   841   836   825   721   683   712   712
207 226     7957   722   709   721   825   779   775   811   732   795   722   718   717   677   709   763   872   838   837   824   714   685   711   711
211 226    10365   725   710   719   824   778   766   812   733   797   722   718   718   677   708   763   873   836   837   824   720   685   709   713
215 226     9963   725   710   721   820   778   775   812   733   797   721   719   719   677   709   760   873   841   836   824   716   684   712   712
219 226    11266   725   710   719   824   779   775   812   732   798   721   718   720   676   708   764   870   840   836   823   718   683   711   712
223 226     8861   725   708   721   824   779   776   812   732   796   719   718   719   676   709   763   872   834   836   824   718   682   711   711
227 226    11706   726   710   720   823   778   775   812   732   797   723   718   720   677   707   762   873   841   837   822   717   684   712   708
231 226    11373   726   710   720   824   777   774   812   733   797   722   717   720   676   708   764   872   841   836   823   718   683   711   714
235 226     9959   725   709   721   824   778   774   809   732   798   722   717   720   677   708   764   873   841   837   824   715   684   712   709
155 230     9002   725   710   720   825   778   774   812   733   797   722   718   719   677   708   764   873   836   838   824   720   684   711   716
159 230     9741   724   710   720   824   778   773   812   732   797   722   717   719   677   706   764   872   841   837   824   718   684   710   711
163 230     9205   725   710   720   821   779   775   811   732   798   723   718   718   677   709   762   872   835   837   824   717   684   712   714
167 230    12680   727   709   718   825   779   775   812   731   798   722   717   720   677   708   764   872   840   837   823   720   684   711   713
171 230    10121   725   710   718   825   778   775   812   732   798   722   719   720   676   708   764   871   840   837   823   715   684   711   710
175 230     8259   724   710   721   825   778   774   812   732   798   722   718   719   677   708   763   872   840   837   821   719   684   711   713
179 230    14878   728   709   718   825   775   776   811   733   798   722   717   720   669   705   764   872   840   837   824   719   683   708   711
183 230    12925   725   710   722   824   778   775   812   729   797   722   720   720   677   709   763   871   840   837   824   717   684   712   710
187 230     7970   725   710   721   821   779   775   811   730   798   722   717   720   677   708   762   872   840   837   824   719   684   712   711
191 230    15231   726   710   720   824   778   775   813   733   797   723   719   719   677   709   761   874   840   837   824   718   684   710   706
195 230    14354   726   710   719   825   778   776   810   732   798   723   717   720   677   706   759   873   840   838   825   720   684   708   712
199 230    14386   725   710   721   824   779   777   812   733   797   721   718   719   677   708   762   873   839   834   824   716   684   711   709
203 230    12612   727   709   721   823   779   775   810   731   795   723   718   719   677   709   763   872   837   837   825   720   683   712   714
207 230    14712   727   708   721   824   777   776   812   732   798   721   717   720   675   708   765   872   840   839   824   719   677   712   713
211 230    10664   725   709   720   824   780   776   812   732   797   722   718   720   677   709   763   873   840   836   824   716   684   712   709
215 230    11496   724   710   721   824   778   774   812   732   796   723   718   719   677   708   763   872   839   837   825   721   684   713   715
219 230    10194   722   710   721   825   778   775   812   732   793   723   718   721   677   708   764   873   840   837   824   714   684   712   709
223 230     9861   724   710   720   824   779   769   812   732   797   722   717   719   677   705   763   873   840   837   824   720   684   710   715
227 230     9413   725   710   721   824   778   775   811   732   797   720   718   719   677   708   759   873   841   834   825   716   684   712   707
231 230     6434   718   709   720   826   779   776   811   733   796   723   718   719   676   709   763   873   839   837   824   723   683   712   714
235 230    11559   726   710   722   824   779   775   811   731   797   722   718   718   677   708   764   871   839   837   822   716   684   713   710
155 234     8075   724   711   721   825   778   776   812   732   798   722   718   720   677   709   764   872   840   837   824   719   683   713   715
159 234    11752   727   710   720   826   778   774   813   731   795   723   718   719   676   709   764   872   839   836   825   716   685   711   710
163 234    14050   725   709   722   817   778   775   812   733   797   723   719   719   677   709   762   873   840   838   826   718   684   711   712
167 234    11368   726   708   721   824   775   775   812   733   797   721   718   720   676   709   763   872   841   837   825   720   681   711   715
171 234    10170   725   704   721   825   778   776   813   732   798   717   718   720   676   708   765   872   840   837   825   715   680   712   708
175 234    10480   726   709   721   824   779   776   810   733   797   722   718   719   677   709   760   872   840   835   824   720   685   712   716
179 234    13086   727   710   721   824   773   775   812   731   798   721   718   721   673   709   764   872   840   837   824   716   680   712   708
183 234    13441   726   710   720   824   778   775   813   730   798   722   718   720   676   708   764   871   839   837   824   719   684   710   714
187 234    13111   724   710   721   822   779   775   812   732   793   722   718   720   677   708   763   872   839   836   824   717   684   711   712
191 234    11408   726   709   721   818   777   776   811   732   798   720   718   719   677   709   762   874   840   837   825   717   683   711   710
195 234    10669   726   708   719   825   777   775   812   733   798   720   717   720   678   707   764   873   840   836   824   720   684   710   713
199 234    11844   723   710   721   823   778   776   812   733   797   722   718   717   677   708   763   871   841   838   825   716   682   712   709
203 234    11411   726   708   717   825   778   775   813   733   797   723   717   719   676   703   764   873   840   837   824   720   684   710   716
207 234    10289   726   711   721   824   779   776   812   732   798   722   717   720   676   707   762   875   840   837   824   716   685   711   707
211 234    10017   726   710   721   825   778   777   812   732   798   722   717   720   677   709   764   872   839   837   825   719   684   712   715
215 234     9761   725   706   721   825   776   775   812   732   798   719   718   718   677   709   764   873   840   836   824   715   681   712   709
219 234    11200   725   710   718   824   779   771   812   733   795   722   718   721   676   706   765   873   839   837   825   716   684   710   712
223 234    10684   722   710   721   825   778   775   811   732   796   722   718   720   676   708   762   873   840   836   825   720   684   712   716
227 234    13513   727   709   722   825   777   776   813   732   798   722   718   720   675   709   764   870   840   838   825   716   683   713   708
231 234     9887   725   705   721   824   777   776   812   733   799   721   718   720   676   709   764   873   841   834   825   719   681   712   714
235 234     8786   726   709   721   824   776   775   813   732   798   723   718   720   676   708   765   872   840   837   824   717   683   712   712
155 238    12219   725   707   721   823   778   776   812   733   798   722   719   717   676   709   761   872   840   837   825   719   683   712   714
159 238     9448   725   711   721   818   777   775   813   731   797   722   719   719   675   709   763   872   841   837   824   715   684   711   711
163 238    11595   726   712   719   825   778   762   812   732   799   723   719   720   677   710   764   872   840   836   825   720   683   710   714
167 238    10497   725   709   720   825   779   774   813   733   799   729   719   720   676   709   764   873   839   829   824   714   685   712   711
171 238    11108   726   710   719   825   778   775   813   732   798   722   718   720   677   708   764   872   841   836   825   720   684   711   714
175 238     9066   726   710   720   825   778   775   808   731   797   723   718   719   677   709   763   873   841   836   825   717   683   712   711
179 238     9986   728   710   718   824   779   775   812   733   790   723   715   720   677   708   764   872   840   837   823   718   685   710   713
183 238     8997   725   710   724   825   778   774   812   730   798   722   708   720   677   710   764   872   840   838   824   720   684   713   714
187 238    12453   726   710   721   826   778   773   813   732   794   722   718   719   677   708   763   873   840   837   825   716   685   712   710
191 238    10168   716   710   721   823   779   775   813   733   797   722   718   719   677   709   763   873   835   838   824   718   684   712   715
195 238    10272   725   710   721   822   778   775   812   732   798   722   719   714   677   709   763   873   840   837   825   715   684   712   711
199 238    11967   726   709   721   825   779   775   813   733   798   720   718   720   674   709   764   873   841   836   825   719   682   712   712
203 238     8099   724   709   721   820   777   775   813   732   798   722   718   719   677   709   763   873   840   838   824   719   683   712   710
207 238    11907   726   710   721   825   765   774   813   732   797   722   716   720   678   709   765   872   841   838   822   716   684   711   710
211 238     7917   724   710   721   825   779   776   812   732   798   722   718   718   676   708   764   873   842   836   824   721   684   712   716
215 238    10425   725   710   721   818   778   775   813   732   797   722   718   719   675   708   764   871   841   838   825   716   684   711   709
219 238     9174   725   708   721   824   781   779   813   732   798   723   718   720   676   700   764   873   841   840   824   719   684   711   716
223 238    10199   726   710   720   825   777   763   813   732   798   723   718   720   676   710   764   873   840   833   825   716   685   710   708
227 238    10887   725   710   720   824   777   775   813   732   798   722   718   720   677   709   764   872   840   838   825   718   684   712   713
231 238    11638   724   710   715   829   779   776   812   733   798   722   718   710   676   708   764   872   840   837   823   717   685   707   711
235 238     9633   726   710   720   825   776   775   812   737   798   722   719   720   677   709   764   876   840   833   825   717   683   711   712
155 242     8320   726   709   721   825   779   775   813   733   796   723   718   720   676   708   764   873   841   837   824   720   684   713   714
159 242     8266   725   710   720   825   777   775   812   732   798   723   717   720   677   709   764   870   841   837   825   717   685   712   711
163 242    10393   726   710   722   824   772   776   813   731   798   723   716   720   675   708   764   870   841   837   823   715   682   711   710
167 242     9606   725   710   721   825   778   775   812   732   796   723   719   720   677   709   764   872   841   838   821   719   684   710   713
171 242     8105   725   710   718   825   778   772   812   733   798   723   717   719   677   703   765   873   840   837   825   714   684   708   709
175 242    12506   729   712   721   826   779   775   812   732   796   720   718   718   676   709   763   873   836   837   825   719   683   712   714
179 242     9423   725   710   721   818   778   776   812   732   797   722   718   719   677   709   764   873   840   837   824   715   685   712   712
183 242    11092   726   710   721   824   779   776   807   732   798   723   717   720   677   708   762   873   840   837   823   720   684   712   713
187 242     8235   725   710   721   820   778   775   812   731   798   723   719   719   676   708   763   870   840   837   824   715   684   712   710
191 242    11845   726   709   721   827   782   775   812   732   798   722   719   719   675   709   763   872   836   839   825   719   684   712   714
195 242     9977   724   710   721   828   778   769   813   733   798   722   718   712   677   708   764   873   840   838   825   718   684   711   713
199 242     8180   726   710   721   823   778   776   804   732   798   722   719   718   677   709   761   873   838   837   824   717   684   711   710
203 242     6782   725   710   720   825   779   773   812   733   797   723   717   719   677   708   764   873   841   837   825   718   683   708   712
207 242    10630   722   710   721   825   779   775   812   733   796   722   718   720   677   708   764   873   841   838   825   719   684   712   715
211 242    11510   726   709   721   825   778   776   813   732   798   723   718   720   676   708   763   872   840   837   825   716   685   712   710
215 242    11477   724   710   722   829   779   775   807   732   798   722   719   708   677   708   764   873   840   836   825   722   684   712   714
219 242     9392   725   704   721   825   780   776   812   733   798   722   718   719   675   709   764   872   841   836   825   717   679   712   712
223 242    11200   726   710   721   825   779   776   813   727   797   723   718   720   677   707   763   868   841   837   820   718   684   713   712
227 242     7942   724   709   721   824   779   777   812   732   798   721   718   722   677   708   763   872   837   837   825   718   684   712   714
231 242    11274   726   709   720   825   779   776   810   731   798   720   718   720   677   708   762   869   841   837   825   716   684   712   708
235 242    11171   726   709   715   825   778   775   812   733   798   723   719   720   677   706   763   873   841   836   824   721   685   707   717
155 246    10574   725   711   722   824   779   774   812   732   798   722   717   720   677   708   764   873   840   837   825   717   684   711   712
159 246    12390   726   707   722   823   779   776   811   733   798   722   718   719   678   709   763   873   842   835   825   718   680   711   717
163 246    12035   721   710   721   824   779   776   805   732   798   722   719   718   677   708   765   873   840   837   825   719   685   712   708
167 246     9402   718   709   721   824   779   774   813   732   797   722   718   721   677   709   763   872   847   837   825   720   684   711   712
171 246     9866   725   709   720   825   778   774   813   731   799   722   716   721   677   709   764   872   840   837   825   717   685   710   710
175 246    11564   726   710   721   825   779   774   813   733   798   722   711   720   677   706   764   872   841   838   824   720   684   712   713
179 246    12906   727   710   721   824   778   776   812   732   798   718   719   720   676   709   764   873   841   835   825   717   683   713   710
183 246    10437   726   708   721   824   775   776   812   733   798   721   718   720   676   708   764   871   841   838   824   720   683   711   714
187 246     9221   726   710   721   825   775   775   810   733   798   722   718   720   677   709   763   871   841   837   825   715   683   713   708
191 246     8716   726   710   721   823   778   775   812   732   798   722   716   719   678   708   765   872   841   838   824   719   684   711   716
195 246    10741   726   710   715   824   779   776   813   733   798   723   720   720   676   709   764   873   841   837   825   715   684   705   709
199 246     8488   725   711   721   825   779   775   813   732   800   717   718   721   677   709   764   873   840   838   825   720   684   712   714
203 246     9915   725   709   721   824   779   776   813   733   797   723   719   720   679   708   764   872   841   838   825   716   682   712   712
207 246     6745   725   709   720   824   778   776   812   733   798   723   718   720   677   709   764   874   841   837   824   717   684   711   711
211 246     8687   725   709   720   825   779   776   813   731   799   723   718   720   677   709   764   872   838   837   825   721   684   713   715
215 246    10156   725   709   722   826   779   776   813   732   797   722   715   720   677   709   764   873   841   837   823   718   684   711   709
219 246    10518   725   710   721   825   778   775   812   732   798   723   717   720   677   710   764   870   841   837   824   719   684   710   712
223 246     7538   720   710   721   815   778   775   813   732   797   723   719   718   677   709   763   872   841   837   825   716   685   712   713
227 246    12708   726   710   722   817   779   776   812   733   798   723   718   717   677   709   765   873   840   838   825   718   685   712   715
231 246     7165   725   710   710   825   779   775   813   732   798   723   718   720   677   709   764   873   841   837   824   719   684   705   714
235 246     9631   726   710   721   821   779   776   810   732   798   722   718   719   678   709   765   873   841   838   825   715   685   712   709
155 250    10336   725   710   722   825   776   775   812   733   796   722   718   720   677   709   764   874   841   837   826   721   684   712   714
159 250     6682   725   708   719   825   779   775   813   733   798   720   717   720   678   706   764   873   841   837   824   715   685   708   710
163 250     9686   724   709   721   825   779   776   813   734   797   722   717   720   677   709   763   873   837   838   824   720   684   711   716
167 250    13019   727   709   721   825   779   766   812   731   799   722   718   720   673   709   764   872   841   837   824   717   683   710   710
171 250     8158   726   710   720   823   779   775   812   733   797   722   718   717   678   707   764   873   841   838   825   720   685   712   714
175 250     8147   725   710   720   824   779   775   814   732   798   715   719   720   676   708   759   874   841   837   825   718   685   712   711
179 250     9464   725   710   726   825   779   775   813   733   798   722   705   720   677   708   764   872   841   838   828   719   684   710   712
183 250     8138   725   708   721   825   778   776   812   733   798   720   718   720   677   710   764   873   841   837   825   715   683   711   709
187 250    10533   711   709   721   825   779   776   814   733   794   722   718   723   678   708   761   873   838   837   825   716   684   711   714
191 250    10652   727   709   720   825   779   776   813   732   798   722   719   720   666   709   764   872   841   838   826   719   684   712   711
195 250    10128   725   710   721   823   779   776   812   732   797   723   718   716   677   709   764   873   841   838   825   718   684   713   713
199 250     9212   726   711   722   825   778   775   812   734   798   719   719   719   677   709   764   874   841   838   826   718   684   712   708
203 250     9950   720   709   721   825   778   775   812   733   798   723   719   721   677   709   763   873   840   834   825   721   684   712   713
207 250    13119   726   709   720   825   779   771   808   733   797   723   719   721   677   704   762   873   842   837   825   720   684   711   713
211 250     9124   724   711   722   825   778   776   813   733   798   723   718   709   678   709   763   873   840   838   825   716   684   712   710
215 250     7456   724   709   721   825   777   776   813   732   798   723   719   720   673   709   764   873   841   838   825   718   684   712   715
219 250    13656   727   711   722   824   779   774   813   733   798   722   719   721   677   708   764   873   840   837   825   715   684   712   710
223 250     9652   725   710   722   825   778   776   813   728   798   723   718   720   677   708   763   870   841   837   825   719   684   711   715
227 250     7733   723   710   721   825   779   776   808   733   797   723   719   718   677   709   764   873   841   837   824   719   684   713   709
231 250     9155   725   710   723   825   779   770   813   732   798   722   718   720   677   708   763   874   840   837   824   717   684   713   711
235 250    11561   726   710   722   825   779   776   813   727   798   722   711   720   677   708   764   868   840   837   825   719   684   712   714
