! Map center:  169,210
129 170     9101   721   711   676   822   774   772   806  4646   795   718   718   716   676   705   764  4526   836   834   819   715   681   707   708
133 170    10604   723   707   677   822   774   769   807   729   793   719   712   716   674   703   762   867   835   832   821   717   681   709   707
137 170    10209   721   704   679   822   773   765   807   730   795   720   714   715   676   706   759   868   834   833   818   716   680   709   708
141 170     9891   720   705   679   821   772   770   807   730   796   720   715   715   674   705   759   868   835   832   819   715   685   707   708
145 170     7004   722   706   679   818   774   769   805   731   794   720   713   719   674   706   760   870   834   831   819   717   683   709   710
149 170    12916   722   706   681   820   775   770   809   726   794   721   711   717   674   703   758   865   833   830   821   713   681   709   707
153 170    11513   724   706   677   819   774   766   806   729   792   720   715   717   672   706   760   867   836   833   821   719   683   710   712
157 170     7529   722   707   679   820   776   770   808   729   794   718   714   716   670   705   762   866   834   834   819   717   682   708   707
161 170     6486   721   706   680   817   773   768   807   730   794   723   711   717   672   703   759   870   837   830   819   715   681   711   709
165 170     9042   720   705   677   819   773   767   805   729   795   721   714   716   674   705   761   866   832   835   819   717   680   708   707
169 170    10864   719   705   682   821   771   770   809   729   795   722   712   718   672   704   759   868   834   830   819   717   682   711   708
173 170     9754   722   711   682   817   775   768   804   731   797   715   715   717   678   705   760   870   833   834   821   720   678   708   711
177 170    12283   724   707   684   818   775   771   806   732   796   720   712   718   674   701   760   870   833   833   820   715   678   710   708
181 170     7587   721   706   683   821   775   767   805   728   796   721   712   718   674   704   761   867   832   833   819   721   679   709   712
185 170     5238   720   705   686   817   773   771   806   733   795   720   714   716   674   702   759   871   834   835   819   714   681   709   707
189 170     9836   722   707   684   820   773   770   806   729   795   720   716   719   675   705   763   867   836   832   819   719   684   707   710
193 170    10628   721   704   685   822   774   769   807   727   797   721   715   717   674   704   760   865   835   832   818   714   680   708   706
197 170     9375   722   706   686   818   775   769   805   728   797   718   712   717   675   701   759   869   832   834   821   720   678   710   711
201 170    10647   720   704   685   818   774   768   805   728   796   721   715   716   674   705   758   867   834   835   820   716   683   710   706
205 170     7574   722   703   688   821   774   769   808   729   790   721   712   720   674   702   759   867   835   833   821   718   682   710   711
209 170    11175   725   706   684   819   775   771   804   730   793   718   714   717   676   704   762   869   835   833   820   715   680   711   704
129 174     7891   720   704   689   821   776   770   808   728   795   721   715   719   672   708   760   868   835   832   819   719   683   709   710
133 174    10968   718   708   688   820   771   771   809   730   795   720   715   716   676   704   756   869   837   831   818   715   685   705   707
137 174     7400   721   707   689   820   775   770   809   729   796   721   712   714   676   703   758   870   835   833   818   718   681   709   710
141 174     8597   721   705   690   823   775   769   806   730   795   721   714   715   673   705   760   869   834   831   820   717   682   708   707
145 174     9145   722   706   686   821   775   771   805   727   795   719   715   717   672   703   760   866   833   833   820   715   682   710   707
149 174     7876   721   707   687   819   776   770   806   728   795   720   713   718   673   704   761   869   834   833   820   717   681   709   711
153 174     7441   722   705   691   821   776   769   809   730   794   720   713   716   672   708   760   868   836   832   819   715   682   707   705
157 174    12113   724   704   691   821   775   769   807   729   792   721   715   719   673   706   761   868   833   832   822   718   683   710   710
161 174     8907   724   705   693   820   774   771   805   730   793   720   713   718   673   704   760   870   836   833   821   716   684   709   710
165 174    10859   722   703   692   821   775   767   807   730   790   721   714   719   672   705   759   870   836   832   818   716   683   713   708
169 174     9187   720   705   693   820   773   770   806   729   795   719   714   717   676   704   761   867   833   833   818   719   677   708   708
173 174    11447   723   703   695   822   774   770   808   730   792   720   714   718   672   705   762   870   836   836   818   717   684   707   708
177 174     6088   719   708   692   819   774   768   807   730   793   719   714   716   674   705   759   870   837   834   820   718   682   711   710
181 174     9559   724   703   691   821   774   767   807   728   792   719   715   717   670   706   761   868   836   833   822   715   683   709   707
185 174    12507   721   706   694   820   775   769   809   729   794   723   712   719   672   704   758   869   835   831   821   719   681   710   710
189 174     9392   723   707   697   819   776   772   805   733   795   717   713   719   676   703   759   870   832   834   820   715   677   710   707
193 174     9387   721   708   695   821   774   770   806   729   795   719   712   718   674   704   758   870   835   831   820   720   683   709   711
197 174    10045   721   707   696   820   775   771   806   732   795   720   714   715   675   702   760   870   834   833   821   715   681   708   706
201 174    10747   724   704   693   821   776   771   807   726   793   720   714   719   671   706   762   866   836   833   821   718   683   707   712
205 174     7117   720   707   694   823   771   768   806   728   795   720   714   716   675   704   760   868   837   831   822   714   682   710   708
209 174     8540   724   706   694   821   777   769   807   729   793   717   715   718   672   705   760   870   835   833   817   717   682   710   711
129 178     6918   718   707   696   821   775   769   806   729   796   721   714   715   673   704   762   867   836   833   820   714   681   711   708
133 178    10614   720   707   699   821   773   769   807   730   796   721   714   715   674   704   762   869   834   834   818   718   682   710   710
137 178     9140   719   708   699   820   776   770   807   731   796   722   714   718   675   703   759   870   835   829   819   715   683   705   707
141 178    10251   724   704   698   821   775   766   808   728   792   720   716   718   670   705   760   868   836   833   821   716   683   709   713
145 178     9475   721   704   700   821   775   771   808   731   793   721   715   716   673   705   763   870   836   831   818   718   683   705   707
149 178     8783   723   710   700   823   772   771   808   729   791   717   714   718   674   706   761   869   835   831   820   716   684   710   708
153 178     7895   722   706   697   818   775   770   807   732   794   720   716   717   674   704   762   869   836   833   819   718   681   709   709
157 178    11792   722   707   699   820   776   769   807   730   794   720   713   717   674   708   759   869   836   832   820   714   681   709   706
161 178    10661   721   708   700   822   775   771   807   730   794   720   712   715   675   704   763   869   837   832   820   718   683   708   709
165 178    11043   722   706   697   821   774   769   807   728   793   719   715   718   671   706   761   867   835   834   821   716   682   710   708
169 178    11210   727   703   701   821   776   769   808   730   790   721   714   719   673   705   761   870   835   833   817   716   683   711   710
173 178     8093   722   703   701   821   775   773   808   727   794   718   715   719   672   704   761   866   835   835   819   714   682   712   712
177 178     8933   721   707   699   819   773   771   807   731   793   720   713   718   673   706   759   869   838   834   820   716   683   707   708
181 178     9416   721   706   699   821   775   769   807   729   795   718   714   719   673   706   761   868   835   834   820   718   682   709   711
185 178     9174   719   707   701   821   773   771   808   731   794   720   714   715   675   707   760   868   833   834   817   716   681   708   708
189 178     6265   720   707   701   821   771   771   808   729   793   720   715   715   674   704   761   870   837   832   822   718   683   711   712
193 178     6725   719   707   699   823   771   770   809   731   795   721   715   715   675   703   761   871   837   833   820   716   682   712   709
197 178     7574   719   707   701   818   776   769   808   730   796   719   711   719   674   705   759   870   835   832   821   720   681   709   711
201 178     7590   722   707   699   822   774   769   808   731   794   719   713   716   675   704   762   870   836   832   819   714   682   710   705
205 178    12372   720   706   701   819   774   771   809   730   796   719   714   715   674   704   759   872   836   834   820   720   682   709   709
209 178     8663   722   705   701   820   775   770   808   730   794   721   716   717   672   706   759   870   835   835   820   715   682   708   706
129 182    10558   721   705   701   822   775   771   808   730   798   720   713   717   674   705   761   869   832   835   821   718   680   704   711
133 182     9158   722   707   701   819   773   767   808   731   792   720   716   720   674   703   762   869   835   832   818   715   680   710   706
137 182    11600   722   704   700   822   774   772   808   731   795   719   714   715   672   705   761   867   836   834   821   719   680   708   712
141 182     6482   721   705   701   819   776   770   808   732   794   721   714   717   672   704   760   871   834   834   820   717   684   710   705
145 182    10353   722   706   702   821   775   773   807   730   794   721   713   716   674   703   760   868   835   834   821   719   683   708   710
149 182     8944   724   707   703   820   772   769   807   729   793   721   714   720   675   704   760   869   837   834   820   713   681   710   707
153 182     7352   721   705   701   820   775   771   806   731   794   720   717   718   674   705   759   869   835   835   819   719   679   708   711
157 182     8123   721   708   703   821   776   772   810   730   795   720   715   717   678   707   758   870   832   835   819   716   680   708   705
161 182    11875   721   706   704   821   773   772   807   731   795   722   714   715   674   704   763   870   836   832   818   719   682   709   709
165 182     9497   720   708   704   821   776   769   808   730   793   718   714   718   676   704   760   868   835   833   821   715   681   707   706
169 182     8132   722   706   702   818   776   771   807   733   795   721   713   719   673   705   757   870   835   833   820   717   683   706   709
173 182    10518   722   707   703   818   776   771   807   731   797   721   714   717   673   707   758   869   833   835   820   717   682   706   712
177 182     8212   723   710   701   820   776   769   808   732   793   718   713   718   673   706   759   868   836   834   822   715   681   709   708
181 182    11377   722   706   704   823   776   771   806   731   796   721   714   717   676   704   761   869   835   834   818   721   682   711   712
185 182     9329   722   706   699   822   776   770   806   729   793   719   715   717   673   704   762   868   836   834   820   715   681   709   707
189 182     8688   720   706   705   822   773   771   805   730   795   721   715   717   674   705   762   868   835   834   819   718   685   709   710
193 182    14923   721   708   704   822   775   772   808   729   794   720   715   714   675   705   759   868   836   834   821   715   680   710   706
197 182     8109   723   708   701   818   775   768   808   729   796   718   716   717   675   704   761   869   833   833   819   720   682   710   713
201 182    10664   724   706   702   821   776   770   809   730   794   721   714   718   673   705   758   869   837   835   821   714   682   707   708
205 182     8850   723   704   704   816   778   772   809   730   795   720   712   718   669   706   757   870   835   835   820   720   683   709   713
209 182     9109   720   706   701   821   774   771   805   731   795   721   714   716   674   704   761   869   838   832   820   715   683   709   706
129 186     6181   720   710   700   824   776   768   805   731   797   717   716   716   678   706   763   870   835   835   819   717   679   709   709
133 186     9493   722   708   704   818   774   769   808   729   795   719   718   718   674   705   758   871   834   833   820   715   685   708   710
137 186    11812   720   708   702   821   774   770   808   730   796   719   715   715   675   703   760   870   836   834   822   718   680   711   708
141 186     9679   720   707   705   822   774   768   808   730   794   719   715   717   675   706   761   870   838   834   821   715   678   710   707
145 186     8625   719   706   707   822   778   768   806   729   794   719   714   716   673   705   761   868   836   835   821   718   682   709   710
149 186     5642   720   709   703   823   775   770   809   731   795   718   715   715   674   706   760   870   836   834   820   716   682   709   707
153 186    11048   723   707   706   822   773   771   807   728   793   720   713   717   676   706   760   868   837   834   820   718   682   709   715
157 186    10692   723   707   705   821   774   769   810   731   793   719   715   716   674   705   760   869   837   835   819   716   681   708   706
161 186     7040   722   709   705   818   774   770   808   731   793   719   716   720   675   706   757   868   836   834   819   719   683   708   711
165 186     5633   719   709   705   820   775   771   807   732   793   720   714   716   673   707   761   870   838   835   822   715   682   707   706
169 186     6045   722   706   705   820   776   771   810   729   792   721   714   720   673   704   760   870   836   836   819   718   683   706   711
173 186     9103   723   707   703   820   773   771   809   731   795   722   715   718   674   704   763   869   837   830   818   714   684   712   706
177 186     7100   723   707   703   822   775   768   811   730   795   718   715   718   671   705   759   870   836   834   819   718   681   709   710
181 186    11032   723   704   706   820   773   770   806   730   795   722   712   718   675   707   757   868   837   835   820   715   684   707   709
185 186    11637   721   707   704   820   776   773   807   730   794   724   716   715   674   704   759   870   837   831   821   718   684   711   712
189 186    11184   724   707   704   822   772   770   808   729   795   717   716   717   674   707   761   869   838   834   820   715   679   712   707
193 186    10481   723   705   706   820   776   770   809   731   797   720   714   718   672   704   759   870   836   834   821   720   683   706   712
197 186     9638   722   706   706   820   775   771   806   731   794   720   716   718   672   705   761   868   837   833   821   716   682   708   706
201 186     5825   721   708   703   821   776   771   809   732   798   721   715   717   674   704   761   870   834   834   818   721   683   710   710
205 186     9936   725   705   706   820   774   772   810   730   793   720   712   719   674   704   760   871   837   834   822   715   682   708   706
209 186     8228   720   708   704   822   776   770   808   728   795   720   714   717   677   704   759   868   836   832   821   718   682   709   714
129 190     7016   721   707   705   819   773   770   807   730   796   720   715   717   675   706   759   870   837   834   822   718   683   708   711
133 190    10790   723   705   705   818   777   771   809   731   797   721   713   718   672   706   758   873   834   833   820   718   683   708   708
137 190    10559   723   703   707   819   777   770   808   732   793   721   713   719   671   704   760   869   836   832   822   718   683   710   711
141 190     9781   721   705   705   821   775   772   810   728   795   721   715   719   675   706   761   869   836   834   821   715   681   710   708
145 190     9965   720   707   707   822   772   770   807   728   795   718   714   717   675   706   761   868   837   834   823   718   680   709   711
149 190    10698   723   708   705   820   773   773   807   727   795   722   714   718   675   701   759   867   837   834   822   715   685   708   708
153 190     9749   722   706   702   821   777   771   809   731   798   721   715   719   673   705   760   871   834   834   818   721   683   711   712
157 190    10501   723   707   707   821   776   770   810   730   798   719   716   718   674   707   762   871   832   834   820   715   681   712   705
161 190    10887   721   708   706   819   776   773   810   730   796   720   715   717   675   705   756   868   836   834   819   716   683   708   713
165 190     7178   723   708   707   820   773   771   807   731   792   721   717   718   676   705   759   869   836   835   819   713   683   709   706
169 190    11090   723   707   709   822   774   771   806   730   791   721   714   720   674   705   761   868   836   833   824   718   685   710   713
173 190    10124   720   708   704   820   774   773   808   733   795   720   715   716   676   704   758   870   836   835   822   716   680   708   709
177 190     9414   719   708   708   823   773   769   808   731   796   721   717   714   674   705   764   871   838   834   818   719   684   711   712
181 190    10591   723   708   707   822   775   772   807   729   794   721   712   718   674   704   761   868   837   836   823   713   681   708   711
185 190     6591   722   708   707   822   776   770   808   730   796   720   714   717   673   705   759   869   837   835   821   721   684   710   713
189 190     9438   723   705   706   822   775   771   806   730   793   721   713   720   671   705   761   870   838   832   822   714   684   709   707
193 190     7884   722   707   707   822   774   771   806   726   794   719   713   719   675   705   760   866   838   836   821   720   679   708   714
197 190    10812   723   710   705   823   776   771   807   731   795   720   715   717   676   706   760   870   836   833   823   714   682   709   706
201 190    10929   724   704   710   822   777   771   806   730   794   720   712   719   671   707   762   871   835   835   822   720   683   709   713
205 190     8290   721   709   707   823   777   769   809   730   795   718   715   716   675   705   764   871   834   834   821   715   680   709   706
209 190     9419   720   708   708   822   774   767   810   730   796   716   717   717   673   706   760   869   838   834   821   719   678   710   713
129 194    11718   720   706   707   823   773   771   808   729   795   718   715   715   673   705   762   870   837   835   821   718   682   709   711
133 194     9325   723   707   705   820   775   773   809   731   797   721   715   718   674   703   761   871   833   835   819   716   683   711   706
137 194     7985   725   706   709   819   776   772   808   730   794   722   715   718   675   705   761   872   837   834   821   719   681   709   708
141 194    11528   723   704   705   822   776   772   809   727   794   721   717   716   670   704   762   867   830   832   821   715   681   711   709
145 194    12773   725   707   710   820   777   769   806   729   797   722   714   717   675   707   759   867   836   834   820   717   683   707   715
149 194    11051   719   709   709   823   777   772   808   731   795   721   716   714   675   706   762   870   837   834   816   717   681   710   709
153 194     7673   723   708   706   821   774   770   808   730   796   720   714   720   675   706   760   870   837   833   819   717   682   707   712
157 194     9989   722   708   709   820   775   768   810   732   797   722   717   721   674   706   758   870   835   833   819   716   684   712   709
161 194    10508   724   704   706   821   774   771   808   732   793   720   716   719   673   704   759   870   837   832   823   716   684   711   710
165 194    13924   723   710   709   820   773   773   806   731   795   719   716   719   674   706   761   869   838   835   820   717   681   708   710
169 194     9186   722   707   709   822   774   767   807   730   796   716   713   719   675   707   762   871   838   833   822   717   677   707   710
173 194     9410   727   708   707   823   774   771   807   729   793   721   716   719   674   704   763   869   837   833   821   715   684   712   714
177 194    11339   720   708   709   822   776   770   807   730   796   718   715   715   678   707   760   870   836   834   822   714   680   707   708
181 194     7810   722   709   708   821   775   772   809   731   795   721   716   717   674   704   763   871   836   832   822   719   683   710   709
185 194     7958   723   706   706   823   774   772   809   730   792   721   715   718   673   701   761   869   837   832   824   715   685   711   710
189 194    10065   718   707   710   820   776   772   809   730   795   718   715   716   672   706   761   870   836   834   822   721   679   711   715
193 194     8877   725   706   709   820   773   770   809   731   794   720   716   718   673   706   760   873   835   835   819   716   683   710   709
197 194    10822   722   709   709   820   776   771   807   730   794   719   715   718   678   706   757   871   837   834   820   717   680   708   711
201 194     8630   721   710   710   823   777   770   809   732   796   718   716   716   675   706   763   870   836   835   818   717   680   709   706
205 194    13147   721   709   710   826   774   770   809   729   797   719   716   716   677   706   760   871   835   835   824   717   679   711   711
209 194     8978   722   707   708   823   776   771   807   731   795   722   714   719   674   704   761   870   838   835   821   721   682   710   711
129 198     8950   722   705   710   821   779   771   809   729   797   722   714   719   671   705   759   869   838   833   820   720   683   708   716
133 198    10426   724   708   709   823   773   769   809   731   792   718   715   719   673   706   762   870   838   833   820   714   681   710   705
137 198     5334   722   706   706   820   776   773   810   731   795   722   714   717   675   702   759   873   838   836   819   718   683   709   708
141 198    12615   724   705   708   822   776   771   807   729   797   723   714   718   673   705   762   869   836   832   818   717   683   710   707
145 198     7679   722   708   708   824   775   771   805   729   794   719   713   718   673   707   760   869   838   836   823   720   681   708   713
149 198     9490   723   708   708   821   774   770   809   732   791   720   715   718   674   705   763   872   837   838   824   717   680   710   705
153 198    10805   724   707   706   820   774   772   811   731   796   720   717   718   676   704   757   872   838   834   819   720   683   712   712
157 198    10083   724   705   709   822   777   772   808   731   795   722   715   719   673   705   765   870   837   831   824   712   683   709   706
161 198     9078   723   708   710   822   777   770   808   731   796   718   716   718   676   705   762   871   837   835   820   718   680   708   710
165 198    10669   725   710   710   823   773   768   806   732   793   716   713   718   675   706   762   871   838   834   821   718   681   709   705
169 198    10296   723   707   707   823   771   775   809   731   790   721   716   718   676   703   761   871   838   835   821   717   681   710   710
173 198     9642   723   707   707   820   776   773   809   729   794   719   716   720   676   703   761   870   838   833   820   716   681   711   704
177 198     7386   719   707   710   822   775   772   807   729   796   719   714   717   675   706   762   868   833   834   820   714   682   711   713
181 198     8010   719   705   711   821   776   769   808   732   797   720   715   719   669   708   762   870   833   832   822   717   687   711   711
185 198     8123   723   706   709   822   775   769   809   731   797   720   717   719   674   704   762   870   835   833   823   718   684   708   713
189 198     9015   725   710   710   819   774   772   808   732   792   720   714   718   675   705   764   872   836   836   822   717   684   710   704
193 198     8796   723   709   707   819   775   773   810   732   795   723   717   718   674   704   758   871   837   832   820   720   684   711   708
197 198    10108   721   708   710   822   775   772   807   729   795   721   714   718   675   706   758   868   837   835   819   716   682   708   710
201 198     8752   723   708   711   821   774   771   809   731   793   721   717   721   676   706   762   869   838   835   824   715   682   712   709
205 198    10225   724   709   708   819   773   772   809   732   794   722   715   717   675   706   758   871   837   833   820   718   683   710   714
209 198     8446   721   709   709   820   777   773   809   728   796   720   715   717   675   705   757   868   837   835   819   717   684   709   707
129 202     8980   721   707   709   821   776   772   806   730   795   719   714   718   677   705   762   867   837   834   818   715   684   707   713
133 202    11711   724   707   706   824   777   769   808   728   796   722   712   715   676   706   760   867   837   832   819   715   684   708   713
137 202    11238   725   705   711   822   776   772   811   730   793   721   717   720   674   707   761   870   836   832   822   714   682   710   709
141 202    10791   723   708   712   818   774   772   810   731   794   721   716   717   674   707   762   868   836   834   822   717   682   711   710
145 202    10884   718   710   711   822   774   773   808   728   798   719   717   717   674   707   761   868   834   835   823   718   681   711   714
149 202    11576   725   711   712   823   774   771   810   731   794   716   715   718   674   706   761   871   838   835   822   717   679   710   713
153 202     9593   723   704   710   821   777   774   810   730   796   721   713   716   672   705   760   870   835   833   820   719   684   710   714
157 202     9311   723   707   710   824   774   772   808   732   794   719   715   717   676   707   762   871   840   834   823   719   681   710   710
161 202     9273   721   710   711   822   775   771   809   731   793   718   717   720   675   706   761   871   837   836   821   714   680   711   708
165 202    10068   722   708   709   821   777   773   811   728   796   721   716   718   676   704   758   868   837   834   820   717   683   711   714
169 202     9527   721   709   711   824   777   772   806   727   798   721   717   714   676   707   758   867   834   836   819   714   684   709   714
173 202    10864   723   709   708   823   777   771   809   729   797   720   715   719   676   702   757   868   838   836   817   718   683   708   713
177 202     9393   722   707   713   824   776   772   811   731   797   721   714   716   674   705   763   871   834   834   822   715   681   711   713
181 202     7573   722   705   710   822   776   772   810   731   797   721   719   718   672   705   761   869   836   836   821   720   682   710   712
185 202     9644   723   709   712   821   776   768   810   732   795   720   715   719   675   707   760   874   835   835   821   719   681   708   710
189 202    11690   724   707   710   822   777   769   805   733   796   721   714   720   678   707   762   873   837   832   820   714   681   710   710
193 202     7748   722   709   706   825   777   772   808   727   797   720   719   715   675   702   759   868   838   836   817   715   684   711   714
197 202    10572   722   709   713   821   774   773   807   731   793   721   714   716   675   707   764   870   837   834   824   715   682   710   708
201 202     4956   721   705   712   820   776   767   811   731   798   719   717   719   673   706   762   872   834   835   822   716   684   710   708
205 202    11542   720   703   712   823   775   773   810   731   795   720   716   716   670   706   761   870   835   834   822   717   682   712   710
209 202     7372   723   709   712   820   772   772   811   732   792   719   718   720   675   708   759   869   838   835   818   715   683   707   711
129 206     8175   721   709   711   819   776   772   808   733   797   720   718   720   675   705   761   872   835   835   824   720   682   712   713
133 206    11716   722   709   713   822   777   770   810   729   798   722   714   715   674   707   762   870   837   835   824   717   683   709   709
137 206     9253   724   708   714   822   777   772   807   729   797   721   712   716   675   706   760   869   839   835   821   720   684   708   712
141 206    11831   725   706   711   823   773   771   810   730   797   719   716   720   675   704   762   869   837   833   822   715   681   710   708
145 206     9536   722   708   712   823   773   771   810   729   796   718   716   719   675   706   762   870   838   837   822   721   678   712   712
149 206    10590   721   708   711   824   778   773   808   729   796   722   714   714   675   707   761   870   838   835   821   715   684   710   706
153 206     8912   724   706   710   823   777   768   809   732   797   719   715   719   676   703   762   871   839   834   822   722   683   711   711
157 206     9512   720   707   712   822   778   771   809   730   798   720   715   717   670   707   762   871   836   835   822   717   682   710   704
161 206    11253   724   709   710   822   777   773   806   727   796   721   719   713   675   706   758   867   837   835   820   723   684   712   715
165 206     5216   723   704   709   824   777   770   808   730   797   719   716   718   672   703   761   871   838   835   821   719   685   711   709
169 206    10920   719   708   712   823   780   772   808   729   797   720   718   716   673   707   760   869   834   836   820   719   682   710   709
173 206     9939   725   709   711   821   775   772   808   729   794   720   717   719   676   705   759   868   841   834   819   717   682   710   707
177 206    10095   725   708   711   822   776   771   811   729   793   720   715   717   676   707   760   869   838   832   821   718   680   710   711
181 206     6828   722   705   712   821   776   771   810   732   795   723   714   720   674   707   760   870   838   833   823   715   684   708   710
185 206     8430   722   706   710   822   775   772   811   727   796   722   715   717   674   706   759   866   837   833   820   720   683   710   709
189 206     9519   725   708   709   824   775   773   809   729   793   720   717   717   674   704   763   871   841   836   820   717   679   712   710
193 206     9525   721   706   713   820   777   771   806   729   795   722   716   717   677   708   762   869   837   835   823   716   683   709   713
197 206     8918   722   707   710   823   777   773   808   730   796   722   716   719   673   703   760   869   837   832   821   715   684   711   708
201 206    10563   723   708   711   823   778   770   810   730   797   716   716   719   674   707   758   870   837   837   821   718   681   710   713
205 206     8723   724   708   709   823   777   769   809   728   800   719   717   718   674   705   760   869   835   837   820   717   685   710   708
209 206     8632   722   709   711   821   777   770   807   730   796   722   713   717   676   708   760   869   839   835   821   720   684   708   709
129 210     7731   719   709   711   820   777   773   809   729   795   722   714   717   677   707   760   868   838   835   821   721   683   709   716
133 210    12384   726   708   710   824   777   768   808   732   796   722   716   719   676   705   762   871   839   833   819   713   682   709   708
137 210     9431   724   706   712   820   778   771   806   732   797   720   712   719   675   705   763   873   839   835   825   720   684   708   710
141 210     9619   722   705   713   823   775   770   811   731   796   721   717   718   673   704   763   871   837   831   823   714   679   711   708
145 210     8988   723   709   712   823   778   773   808   726   796   723   716   716   674   707   760   868   836   835   823   719   684   711   711
149 210     8698   718   709   714   817   775   772   807   732   795   721   717   719   676   708   763   872   837   836   822   715   684   712   706
153 210     9558   725   703   713   824   777   771   810   732   793   722   717   720   673   707   763   871   836   834   823   720   681   710   712
157 210     8890   724   706   714   825   777   771   810   731   797   721   714   720   675   704   761   871   837   832   820   715   684   708   709
161 210    13385   725   709   712   820   776   773   810   731   795   721   716   718   675   708   760   872   835   836   823   719   683   710   709
165 210    10546   724   707   712   823   776   771   810   732   794   720   716   720   674   704   763   872   838   832   823   717   678   710   709
169 210     7216   722   709   713   824   776   772   810   730   797   722   716   715   674   707   761   869   837   836   822   718   683   711   710
173 210    10746   724   708   713   823   777   769   810   731   796   718   713   719   675   703   763   871   835   833   822   718   682   709   711
177 210     9037   720   705   714   823   777   773   809   729   798   718   714   719   677   703   762   871   836   834   822   717   684   707   709
181 210     9108   725   709   712   824   777   773   809   728   796   723   713   716   676   705   761   868   838   833   819   718   683   709   711
185 210    12011   723   709   712   824   778   773   808   729   795   720   717   717   673   707   763   872   836   836   821   718   684   708   713
189 210     8296   723   707   714   821   774   773   809   731   797   721   714   719   675   705   762   870   836   835   820   715   683   710   711
193 210    11312   725   708   712   825   772   773   810   730   795   719   718   718   676   706   762   869   836   835   821   718   685   710   715
197 210     8633   721   705   712   823   774   772   807   730   796   722   717   719   675   707   764   869   840   835   821   717   684   709   710
201 210     6144   721   709   713   823   776   773   809   731   793   721   717   717   675   706   763   871   837   834   822   716   684   708   710
205 210    13752   725   706   713   822   778   771   807   730   801   721   715   718   676   708   761   871   834   834   820   720   684   709   710
209 210     8403   724   709   711   823   773   771   809   732   796   719   717   719   673   706   762   872   838   835   821   715   684   710   710
129 214    10314   726   707   714   823   776   771   809   732   795   721   716   718   673   707   762   871   836   834   823   718   679   710   710
133 214     7112   723   706   712   821   777   772   805   731   797   723   716   718   676   708   762   870   838   833   820   714   684   705   707
137 214     8498   723   709   714   823   776   774   807   728   793   722   718   716   675   707   757   867   838   836   821   716   683   710   714
141 214    12346   724   707   713   824   777   769   810   732   797   719   716   721   673   704   763   872   840   831   822   714   683   710   705
145 214     8324   723   706   714   823   774   771   810   732   795   718   715   720   674   707   763   873   837   833   823   721   681   710   712
149 214     8083   724   707   712   824   777   774   807   728   796   720   715   717   676   705   761   869   838   835   819   714   683   709   708
153 214     6150   723   708   712   823   775   773   809   731   796   720   715   719   676   705   760   872   838   835   821   719   683   708   713
157 214    10072   723   708   714   824   774   774   809   732   796   720   714   719   674   704   762   872   838   836   821   717   684   710   710
161 214     6514   721   710   712   823   775   772   811   730   797   721   716   719   676   705   761   871   838   834   825   717   682   711   710
165 214    11755   724   709   711   823   774   770   809   730   796   722   713   719   674   706   761   871   838   833   821   716   682   710   709
169 214     9446   725   710   709   821   778   773   810   732   795   720   716   719   675   704   759   871   836   837   821   720   684   711   710
173 214     9145   721   708   714   823   773   772   811   731   793   720   717   719   673   707   762   872   838   835   824   715   683   712   708
177 214     9370   720   708   715   821   774   773   810   731   795   722   716   717   674   708   763   872   837   836   823   720   683   711   711
181 214    10344   724   709   715   820   777   772   806   729   796   722   715   716   675   707   758   869   837   835   821   716   684   709   707
185 214     9038   724   708   714   823   778   772   806   732   797   721   716   720   676   703   761   872   839   837   820   719   685   707   711
189 214     5404   720   708   714   822   775   773   810   731   796   722   717   718   676   708   762   871   836   835   822   712   684   712   708
193 214     9103   724   708   713   823   774   771   810   732   797   722   716   720   672   703   762   871   835   834   822   717   683   709   711
197 214     8179   723   706   714   820   775   771   808   731   797   719   715   721   675   707   763   870   838   835   821   717   683   711   708
201 214    10408   721   708   711   824   774   772   811   730   795   721   717   718   676   704   762   870   837   835   822   715   683   709   709
205 214     8800   721   708   712   821   778   770   808   731   797   722   713   718   676   704   761   872   839   834   820   715   685   706   707
209 214    10794   723   708   711   822   778   773   808   730   797   722   717   718   676   710   758   869   839   836   823   717   684   708   711
129 218     9866   724   706   714   823   773   773   810   734   795   719   716   719   672   707   763   873   839   836   822   716   680   711   707
133 218     7413   722   706   715   823   776   773   812   730   797   719   715   719   675   707   762   871   837   836   822   718   681   711   714
137 218     8831   722   707   713   823   776   772   808   731   796   722   715   719   675   706   762   871   836   836   821   714   683   711   708
141 218     8279   722   708   715   824   774   771   811   732   793   718   717   719   675   707   763   873   838   833   823   718   684   710   713
145 218     9441   723   705   715   823   774   774   810   732   792   719   717   718   675   707   763   872   837   834   823   716   682   711   708
149 218    10764   725   707   715   821   774   773   811   733   794   721   717   721   673   707   763   871   834   835   823   717   681   711   713
153 218    11927   725   708   714   824   777   767   810   731   796   722   717   719   677   704   763   872   838   831   822   715   684   707   707
157 218     5830   723   709   711   823   778   769   809   731   797   723   714   719   676   706   762   872   838   835   822   720   683   706   712
161 218     8374   723   706   715   819   776   773   812   728   795   721   716   720   672   707   762   870   837   836   823   715   682   710   706
165 218    10687   722   708   712   823   775   771   809   732   795   721   714   719   676   708   764   871   837   832   823   719   683   708   712
169 218     7781   723   706   715   823   774   772   810   732   797   720   713   719   674   705   762   872   838   833   820   717   683   710   712
173 218     8149   723   706   715   825   775   774   810   732   796   722   717   717   673   708   762   872   835   835   823   716   681   712   706
177 218     8499   722   709   715   824   778   774   809   730   794   722   717   714   677   708   760   870   837   836   822   717   683   712   716
181 218     8499   723   709   715   820   777   773   811   729   797   722   716   715   676   708   760   867   839   836   823   713   684   711   708
185 218     8503   721   707   715   823   775   774   811   731   795   721   717   719   674   707   764   870   837   835   823   719   681   710   712
189 218     9122   722   707   715   821   774   774   809   730   793   721   715   719   675   707   761   869   838   835   821   715   683   711   710
193 218     8704   723   709   713   821   774   771   811   732   797   721   716   720   672   705   763   872   837   835   822   718   682   710   712
197 218     9502   722   707   715   824   776   772   810   733   797   722   717   717   674   708   761   871   836   836   823   719   681   711   709
201 218    10337   721   708   715   824   777   773   809   733   795   722   717   718   674   708   763   872   834   836   823   714   681   711   707
205 218     8056   717   708   715   823   776   774   812   732   793   722   717   716   676   707   762   872   835   835   823   717   684   711   714
209 218    11960   724   709   715   822   776   773   810   731   794   723   717   717   676   708   762   869   835   836   822   713   683   711   707
129 222     5884   723   709   716   819   777   774   810   730   794   722   719   720   676   708   759   869   838   835   821   718   683   712   710
133 222     7722   724   708   710   824   777   769   811   732   797   719   716   720   678   704   763   873   838   835   823   717   682   706   713
137 222    10084   725   705   715   824   777   773   810   732   798   717   717   719   676   708   763   872   838   833   824   717   678   711   711
141 222     9548   724   708   711   820   777   772   807   730   797   722   713   719   676   704   760   871   839   836   822   717   684   709   713
145 222    11548   725   706   712   825   775   770   808   731   796   721   717   719   676   705   763   872   836   833   822   716   682   706   709
149 222    11953   725   708   715   819   776   774   807   730   796   721   716   719   676   707   761   870   837   834   821   720   682   711   714
153 222     8906   724   709   712   821   778   769   809   729   798   722   713   719   676   704   762   869   839   837   819   716   684   707   708
157 222     8728   720   709   715   821   778   773   810   729   796   722   717   715   677   707   759   868   840   836   822   719   684   711   716
161 222    11697   726   707   713   824   777   772   812   733   797   720   716   719   676   705   762   873   837   832   823   717   682   707   709
165 222     8154   724   709   711   820   777   773   809   727   797   722   716   719   676   705   760   868   838   835   822   718   684   708   710
169 222    10329   724   706   713   823   774   774   807   732   797   722   714   720   675   708   760   871   836   834   819   716   682   710   708
173 222    10029   722   706   712   824   780   773   809   732   798   721   714   720   676   708   761   871   838   835   820   719   680   709   711
177 222     9166   721   709   713   822   776   774   809   727   796   721   717   718   677   708   761   868   837   836   823   717   682   711   714
181 222     9182   725   707   711   824   778   770   811   731   797   719   716   720   673   706   762   872   839   831   823   717   683   709   710
185 222    10097   720   709   715   821   778   774   809   731   796   722   713   714   676   705   760   870   839   835   821   718   683   712   710
189 222     9174   725   708   714   820   778   773   807   730   797   722   715   716   676   706   763   869   839   835   823   714   684   708   710
193 222     9411   723   708   715   823   778   771   809   732   795   722   715   718   677   706   762   871   839   835   823   719   683   710   712
197 222    10341   724   707   716   823   777   773   810   732   797   721   717   720   673   704   763   872   838   833   824   717   679   710   711
201 222    10325   722   710   714   825   775   774   811   731   795   722   717   717   675   708   762   873   833   836   822   717   683   711   713
205 222    10206   724   709   713   822   778   774   808   730   796   721   716   718   676   708   761   869   838   836   823   718   684   713   708
209 222     7484   723   709   714   822   776   773   808   729   795   721   717   718   674   707   760   874   840   836   822   717   684   711   714
129 226    11127   724   709   714   823   777   772   808   731   797   720   715   719   676   707   760   870   839   836   822   720   685   710   711
133 226     6479   723   709   715   819   778   774   809   727   797   722   717   719   676   707   757   868   839   837   821   716   685   711   708
137 226     8821   724   709   716   822   778   773   809   731   797   721   715   719   676   706   761   872   839   835   822   719   683   709   710
141 226    11040   725   707   717   823   778   774   809   731   795   722   718   717   675   709   762   870   834   835   820   717   681   712   707
145 226     6998   723   706   715   822   777   773   810   729   795   721   718   718   675   708   763   872   838   836   822   720   681   712   714
149 226     9962   722   708   715   825   775   774   811   731   792   721   717   721   669   707   763   874   834   837   823   716   682   711   709
153 226    10268   725   709   713   823   778   773   808   732   797   722   713   720   677   708   763   871   839   835   821   717   683   705   710
157 226    10724   725   709   713   818   778   776   812   731   798   722   715   719   677   707   760   868   839   835   823   719   684   709   710
161 226    10302   725   709   713   824   776   771   810   731   797   721   713   721   674   709   763   873   838   836   822   715   683   710   708
165 226     8044   724   706   715   824   778   773   809   731   797   718   716   720   675   708   762   872   838   836   821   720   681   712   713
169 226     7343   724   706   715   824   777   771   811   732   797   718   718   719   675   706   763   872   838   833   823   715   682   707   708
173 226     9168   725   709   704   824   778   775   811   731   797   717   715   720   676   699   762   872   839   835   822   720   683   701   714
177 226     7163   724   709   712   821   778   773   810   729   797   722   717   718   676   708   757   869   839   834   822   714   683   710   707
181 226     9530   723   709   716   822   776   773   809   731   794   723   716   721   676   706   762   874   837   837   820   720   683   708   713
185 226    11575   725   709   715   821   778   770   809   730   797   723   718   717   676   707   764   872   839   831   823   715   684   711   706
189 226     9844   724   706   717   822   774   773   811   733   795   718   718   719   676   708   763   872   833   836   823   721   683   711   713
193 226     8824   724   708   715   825   778   768   810   732   797   723   716   719   677   702   763   872   839   834   823   716   683   708   709
197 226     9018   724   709   715   821   778   774   808   727   797   723   714   719   677   709   762   870   840   836   818   720   683   709   710
201 226     9980   725   710   715   821   778   772   809   730   798   722   715   718   676   705   764   870   840   836   824   714   685   709   709
205 226     7226   722   710   710   824   776   774   809   730   796   722   713   720   676   708   763   871   837   835   822   720   684   706   712
209 226    10062   724   708   712   822   778   771   811   730   797   722   717   718   676   703   760   870   839   837   823   718   684   708   712
129 230     7884   725   709   718   823   774   774   810   733   795   722   714   717   676   709   761   871   834   835   821   715   683   712   708
133 230     8881   722   709   714   823   777   771   810   734   797   722   713   719   677   704   763   873   839   836   823   719   684   707   714
137 230    10036   722   708   716   821   777   773   812   732   794   722   718   719   674   708   761   871   837   836   823   715   682   711   707
141 230    10363   725   707   710   823   779   771   811   732   797   721   716   720   676   702   763   872   839   835   822   716   684   706   709
145 230     9623   724   709   716   822   774   774   811   732   795   722   718   716   676   708   763   873   835   836   823   718   684   711   713
149 230     9629   724   706   717   824   776   771   811   732   795   719   718   719   676   707   762   872   838   832   824   716   685   711   710
153 230    10486   723   710   715   822   776   773   811   732   797   722   717   718   677   704   763   870   840   835   822   716   684   710   711
157 230    10560   725   708   716   824   773   769   811   732   796   721   717   723   671   706   762   872   835   835   824   718   684   711   714
161 230    10317   725   709   715   818   777   774   807   727   797   723   715   717   677   707   761   870   839   837   822   714   684   711   704
165 230    10986   725   708   709   824   777   771   812   732   797   717   716   720   676   702   763   872   838   834   823   719   685   704   714
169 230     8302   722   710   715   825   777   773   811   733   796   723   715   715   677   707   763   873   839   835   821   716   683   709   709
173 230    10188   725   710   717   821   777   770   811   731   798   720   717   716   676   706   760   871   836   836   824   717   683   711   712
177 230     8033   725   709   716   825   772   768   811   732   797   722   717   720   675   707   763   873   834   835   824   716   683   710   710
181 230     9068   724   710   709   824   778   770   811   731   798   721   715   720   677   704   762   873   838   835   821   719   684   704   712
185 230     8025   724   707   716   824   776   773   811   731   798   716   718   720   675   708   763   872   840   836   823   715   679   711   709
189 230     8687   723   710   717   825   774   772   810   732   796   718   717   720   675   707   763   870   837   833   824   721   685   712   714
193 230     9647   722   709   714   824   775   774   811   730   795   719   713   719   674   704   762   871   835   837   823   716   684   708   710
197 230     6646   723   707   715   823   777   774   810   732   798   718   716   719   675   706   763   872   839   835   822   719   683   710   712
201 230    11794   726   706   714   824   778   771   811   732   797   721   716   719   675   705   763   872   839   832   823   720   684   708   713
205 230     9801   725   705   717   825   773   774   811   732   798   715   717   719   672   707   763   872   839   835   823   715   680   711   709
209 230     6973   722   706   717   823   776   773   811   733   795   719   717   719   674   707   763   872   836   835   823   721   681   712   714
129 234    10949   717   709   717   822   771   774   812   734   794   722   717   720   676   708   762   872   837   835   824   718   684   712   710
133 234     8987   725   710   713   824   777   771   811   732   797   722   715   719   676   703   762   873   840   833   824   718   683   709   713
137 234     8606   721   709   717   824   778   774   807   732   797   723   719   719   676   708   762   872   838   835   821   713   684   712   708
141 234     5952   723   709   716   822   777   771   811   732   797   723   717   716   677   705   763   870   839   838   824   717   686   711   716
145 234    11854   724   708   717   819   779   774   811   728   797   722   717   719   671   708   759   869   839   835   824   717   681   711   708
149 234     6014   723   706   716   825   777   769   812   733   797   719   717   720   678   703   763   873   838   835   823   717   679   709   712
153 234     9705   721   710   717   824   775   774   811   730   790   722   717   720   676   709   763   871   837   836   823   722   683   711   713
157 234     8940   725   710   715   824   779   775   808   733   797   722   716   719   677   702   762   872   839   837   817   715   684   706   709
161 234     9718   725   710   714   824   781   774   812   732   798   720   717   721   670   704   763   872   838   837   824   719   683   704   713
165 234     8409   723   709   716   826   778   771   811   732   797   723   718   714   675   707   763   872   839   830   823   716   684   711   710
169 234    12837   721   710   717   828   780   774   812   734   798   720   717   711   674   708   763   871   840   836   824   720   681   711   712
173 234     7782   713   710   717   824   771   775   812   729   799   722   718   720   676   708   762   872   831   836   823   719   683   712   710
177 234    10994   726   703   717   824   778   773   812   732   796   713   717   720   678   707   764   872   838   835   824   717   679   712   711
181 234     8335   717   709   718   825   778   775   810   732   796   723   717   720   676   709   759   872   839   835   819   719   683   712   712
185 234    11898   726   708   717   823   775   773   811   731   796   721   718   720   671   708   760   871   834   836   819   716   683   712   707
189 234     8488   718   710   719   825   778   774   812   731   797   722   709   720   677   708   762   872   838   836   823   720   684   715   716
193 234    10281   726   707   713   825   778   775   811   733   797   715   717   720   675   701   763   873   839   835   824   716   688   705   711
197 234     9430   725   708   716   825   778   771   812   732   798   720   716   720   678   691   762   871   839   837   824   718   682   710   712
201 234    11628   723   709   716   824   776   774   812   732   792   722   717   713   676   708   762   871   838   835   822   719   683   711   712
205 234     9265   724   710   714   822   778   774   809   731   793   722   717   717   677   708   761   872   837   836   820   716   684   712   707
209 234     9291   725   709   717   824   779   772   812   734   797   724   718   714   677   707   763   871   838   831   822   719   684   711   713
129 238    11933   726   708   713   824   777   775   807   732   798   723   713   720   678   708   761   872   840   836   821   716   686   710   709
133 238     8219   725   711   711   821   777   773   811   729   798   722   714   715   677   708   764   869   839   836   824   719   683   705   714
137 238    10556   724   711   717   824   777   774   811   734   797   718   716   716   677   708   763   874   842   833   823   717   684   711   712
141 238     8633   724   709   718   821   777   773   812   725   798   722   717   718   674   708   763   867   842   836   823   717   683   712   706
145 238     9275   723   709   717   822   775   774   811   731   793   722   718   722   676   708   762   873   838   836   823   718   682   713   713
149 238    11177   700   710   718   824   776   775   810   728   796   722   718   720   676   709   764   868   834   837   822   725   684   712   710
153 238     8176   723   710   716   824   778   775   812   732   797   723   717   715   676   707   759   872   839   836   825   720   685   710   713
157 238     7862   724   709   717   826   778   770   812   733   797   722   718   719   675   708   764   872   836   835   824   714   683   712   708
161 238     8958   724   708   716   824   778   769   812   730   798   720   717   717   675   708   761   872   839   833   824   719   682   712   714
165 238     7169   722   707   717   825   775   774   811   732   798   723   717   720   671   704   763   872   835   832   824   718   686   712   714
169 238     9915   726   709   718   821   778   774   808   728   797   722   719   718   677   708   761   869   840   837   821   715   684   712   707
173 238     8474   724   710   717   822   778   774   805   728   797   723   717   719   677   708   757   870   840   837   822   721   685   709   710
177 238    11049   724   706   717   825   776   774   811   732   796   719   718   719   673   707   763   872   838   831   824   717   684   712   710
181 238     9249   725   708   718   821   776   774   811   727   798   722   717   719   668   707   762   867   841   836   822   718   683   712   709
185 238    10224   725   706   718   813   778   775   811   723   797   720   717   720   676   708   765   862   839   836   824   719   684   711   717
189 238     9426   727   706   716   825   778   774   811   732   795   719   716   720   677   707   764   872   840   835   823   716   681   709   709
193 238    12492   726   709   715   825   778   771   811   732   798   723   712   720   676   703   763   872   840   836   822   718   683   708   711
197 238     9348   720   709   717   824   778   775   811   732   796   723   719   717   677   709   764   872   838   838   823   717   685   712   712
201 238     7415   724   709   719   818   778   774   811   727   792   723   717   720   676   708   764   867   838   837   823   715   684   713   710
205 238     9736   725   709   717   820   778   773   811   729   798   723   718   718   677   703   761   868   839   837   824   720   685   711   713
209 238     7227   724   708   717   824   773   774   811   731   797   722   712   720   671   708   763   872   838   835   823   717   682   712   710
129 242     9491   722   700   717   825   771   774   812   732   796   720   717   720   676   708   764   872   840   836   824   716   672   712   708
133 242    10651   725   708   715   824   777   775   812   733   798   721   716   720   675   704   764   873   839   836   823   719   678   706   714
137 242     6883   724   703   718   822   778   773   812   729   796   722   716   719   679   708   762   869   838   836   823   716   679   711   707
141 242    10858   725   706   718   824   780   774   811   732   798   721   712   719   671   707   763   872   840   837   824   720   679   710   713
145 242    11947   724   711   716   823   778   775   810   732   798   723   716   712   677   709   763   870   839   837   816   716   684   711   711
149 242    10706   723   710   717   826   778   774   813   732   793   723   718   721   676   708   763   872   839   837   822   711   683   711   712
153 242    11662   726   709   715   825   779   769   811   733   799   722   716   720   677   707   764   873   839   835   824   720   683   705   713
157 242     9326   723   709   720   820   778   775   811   735   796   723   709   715   677   708   763   872   840   837   824   716   684   710   709
161 242     9445   724   709   718   823   779   774   810   732   798   720   718   720   676   709   758   873   840   835   824   720   684   711   711
165 242     9114   724   709   718   826   774   775   812   732   798   722   717   720   675   709   761   871   834   837   815   716   684   712   710
169 242     8671   725   711   718   824   772   774   812   733   800   718   717   719   677   708   763   873   832   831   824   717   681   711   710
173 242    10533   726   709   717   824   778   773   805   732   797   722   714   718   677   707   759   872   840   837   822   720   683   712   712
177 242     9488   726   710   719   820   779   775   804   725   797   723   716   717   677   707   761   868   839   837   825   717   684   711   707
181 242     8379   714   709   718   824   779   775   804   732   797   722   717   720   677   709   758   872   839   836   824   713   685   712   711
185 242    11335   722   708   718   823   777   774   811   734   797   719   716   720   673   708   764   872   841   833   824   714   685   711   709
189 242     8036   726   709   715   824   776   775   811   732   795   722   717   721   676   705   764   874   835   837   824   720   683   709   714
193 242     9564   725   703   714   824   779   774   811   733   797   716   713   719   677   706   763   872   837   835   822   716   682   709   710
197 242     6641   725   708   718   824   776   774   812   732   795   722   718   721   671   708   763   871   835   836   823   716   682   711   710
201 242     6059   723   709   718   811   778   774   813   724   798   723   718   718   677   708   763   861   840   836   824   718   684   713   717
205 242     8871   719   710   717   823   777   775   813   728   794   723   719   720   677   709   762   869   839   836   823   716   684   712   708
209 242     8046   719   710   717   824   778   774   811   731   798   721   712   722   677   708   763   872   839   837   823   717   683   712   715
129 246     8824   726   704   718   825   775   775   812   733   796   719   718   721   671   708   764   873   841   837   823   719   677   712   709
133 246    11796   726   709   716   825   779   766   812   733   798   720   717   721   675   705   764   872   839   832   825   718   685   711   711
137 246    10786   725   712   709   824   778   771   812   732   798   717   716   720   676   710   763   873   840   835   824   720   684   701   713
141 246    10443   724   704   718   825   778   774   811   732   798   719   718   717   675   708   764   872   840   836   824   716   681   711   710
145 246    10092   721   710   717   826   778   772   812   735   798   722   718   714   676   708   763   874   839   835   824   717   684   711   712
149 246    11234   725   711   716   824   778   773   811   732   799   716   715   720   677   707   762   873   840   835   819   721   684   712   712
153 246     6011   724   710   719   823   779   774   813   733   798   723   709   719   677   708   755   872   840   837   822   716   683   711   705
157 246     7788   716   709   717   826   778   775   811   733   796   723   717   712   677   708   763   872   838   837   823   716   685   713   714
161 246    10261   722   710   718   823   777   775   811   730   792   722   718   717   678   709   762   870   840   837   825   716   685   712   710
165 246     8084   727   710   717   825   775   775   811   731   795   722   718   719   676   709   761   873   833   837   824   718   683   710   707
169 246     9429   720   710   717   825   778   775   812   732   796   723   717   724   676   703   763   873   839   836   824   716   683   710   716
173 246    10253   724   709   719   819   775   775   814   728   797   723   719   719   674   708   758   869   842   837   824   719   684   712   707
177 246     7069   725   710   717   825   779   771   809   732   797   723   716   721   677   705   763   873   840   835   822   718   684   712   710
181 246     9414   722   710   719   828   778   775   813   732   798   723   717   717   677   707   764   873   839   837   825   717   684   712   713
185 246    10488   728   710   718   825   771   774   813   732   792   721   718   721   671   708   764   873   834   837   824   715   684   712   710
189 246     9675   725   710   719   825   778   773   811   732   798   722   712   720   677   708   764   873   840   833   822   719   685   712   714
193 246     9859   725   710   717   824   777   768   812   732   793   722   717   720   677   705   763   872   840   838   824   717   684   710   709
197 246     8005   724   704   719   825   779   776   810   731   798   722   715   720   676   708   763   873   841   838   818   721   676   711   714
201 246     8065   721   710   717   825   778   775   806   730   796   722   718   720   676   709   758   870   839   837   825   717   683   712   707
205 246     9257   724   710   718   817   778   775   812   719   797   722   716   721   677   708   764   861   840   837   824   715   685   712   714
209 246     7821   724   708   718   825   778   772   812   732   798   711   717   720   677   708   764   873   838   836   825   716   686   712   709
129 250    10853   726   702   718   818   778   775   811   723   797   722   717   719   678   708   764   864   838   836   824   715   677   711   707
133 250    11822   726   711   713   822   779   773   810   727   799   723   717   720   677   708   767   868   839   837   825   719   684   701   709
137 250    11458   724   710   718   824   778   774   812   727   798   723   717   716   677   708   758   868   839   837   823   716   685   712   710
141 250     8126   725   708   718   824   781   775   812   733   797   718   718   720   670   708   763   874   840   837   824   716   671   712   709
145 250     7523   724   710   715   825   779   774   812   732   798   722   722   721   678   699   762   874   839   838   813   720   684   711   715
149 250     9158   724   708   718   826   779   774   811   732   798   716   712   720   677   708   762   873   841   836   821   715   683   712   709
153 250    10691   726   705   718   824   779   774   808   732   798   720   717   719   673   709   755   872   840   837   826   720   678   711   711
157 250     7175   723   709   707   824   778   777   811   732   797   723   717   711   678   709   764   873   840   837   823   719   684   699   713
161 250     7533   719   709   718   824   780   775   812   732   796   722   718   719   672   709   764   872   841   837   825   717   682   712   709
165 250     9058   722   710   719   825   776   775   812   730   792   722   718   719   676   708   762   871   836   837   825   720   684   712   716
169 250     8302   724   708   719   825   780   774   813   732   801   723   718   720   665   709   764   872   835   837   824   717   683   712   711
173 250     7808   722   709   718   824   777   774   811   729   794   722   719   719   676   707   755   870   839   838   824   720   683   711   708
177 250     9333   724   710   717   824   780   771   812   728   797   723   719   717   677   707   772   871   840   834   824   717   684   711   703
181 250     7663   724   706   718   825   777   774   810   732   798   721   718   720   676   708   763   873   840   837   821   718   676   711   709
185 250     9183   726   710   721   823   777   774   801   729   792   722   716   720   677   708   758   871   840   836   829   719   684   712   714
189 250     9436   726   710   717   824   779   777   811   732   798   720   712   720   677   702   763   874   840   838   820   716   685   705   710
193 250    10044   725   710   718   825   779   766   812   732   798   722   718   720   677   705   764   873   840   829   824   719   685   711   713
197 250     9580   725   710   720   824   779   775   812   731   798   723   710   720   677   709   756   873   840   836   823   716   684   715   706
201 250    10701   725   709   718   826   777   773   812   732   792   720   717   719   677   708   763   873   839   832   824   719   683   712   714
205 250     7242   718   709   711   825   778   774   812   729   795   722   717   720   676   706   763   870   840   837   824   720   683   704   713
209 250    10963   717   709   718   825   777   773   811   732   798   723   717   720   677   707   764   873   838   832   824   719   683   711   711
