! Map center:  215,212
175 172    10329   723   711   723   825   779   776   814  4565   799   724   721   720   678   709   765  4275   841   838   819   715   685   712   711
179 172    11647   726   710   720   824   778   776   813   731   798   722   719   720   678   709   764   872   839   837   825   721   684   712   716
183 172    10284   726   710   721   824   778   775   813   733   799   725   719   720   677   708   764   873   843   830   825   717   685   711   709
187 172     8281   725   709   720   824   778   775   813   732   797   723   718   718   677   706   764   873   839   837   824   718   684   710   715
191 172    10615   726   710   722   825   779   776   810   732   799   716   718   720   678   709   764   873   841   834   824   717   686   712   710
195 172    10618   725   710   721   825   778   774   813   730   799   723   712   721   677   708   764   870   840   837   822   717   684   713   712
199 172    11132   728   710   722   823   779   775   812   733   796   723   719   718   678   709   765   873   835   837   825   721   685   712   717
203 172     8016   725   711   721   825   779   775   813   731   799   723   715   720   678   708   764   874   841   837   821   715   683   714   709
207 172     8948   726   710   721   824   779   776   812   733   798   723   719   719   676   709   764   873   841   837   824   720   684   712   713
211 172     7960   724   711   722   826   778   776   812   733   799   721   718   709   674   708   763   874   841   838   825   718   683   712   712
215 172     9957   726   710   723   825   779   775   812   732   799   723   719   720   677   709   760   870   841   836   824   717   683   711   709
219 172     8312   724   710   720   829   778   776   812   730   799   723   719   714   678   709   765   871   839   838   825   720   684   710   716
223 172     9880   724   710   722   825   778   775   812   732   798   722   718   720   678   709   763   873   839   837   825   715   684   711   710
227 172    11417   726   710   722   825   778   776   813   733   798   723   713   720   676   708   764   873   841   837   824   717   684   711   712
231 172     8524   725   707   721   825   778   776   813   734   799   723   719   721   675   709   764   874   841   837   825   720   681   712   714
235 172    12370   726   710   722   825   779   776   812   732   799   722   718   720   676   709   764   873   841   836   825   716   683   711   713
239 172     8799   722   710   721   826   780   776   812   733   797   723   718   720   677   708   762   873   839   838   824   719   684   712   712
243 172     8438   725   711   720   825   779   777   813   733   799   723   718   720   677   705   764   873   841   838   824   718   684   709   714
247 172     7958   725   710   721   824   779   777   813   733   796   723   715   720   678   707   763   874   840   838   825   713   684   712   710
251 172     8539   725   710   721   826   778   776   813   733   797   723   720   720   676   709   765   873   841   837   824   718   684   712   712
255 172    10898   725   710   721   823   779   776   813   732   798   723   717   720   677   709   764   874   841   837   825   717   684   712   715
175 176     8816   725   711   721   824   779   773   814   732   796   722   718   720   677   707   763   873   838   837   825   717   684   711   714
179 176    10210   726   710   721   825   779   776   812   729   798   723   718   721   676   708   764   871   841   837   825   718   683   711   713
183 176     8692   726   709   722   825   770   777   813   732   798   722   718   721   674   709   764   871   841   837   825   715   683   712   710
187 176     7092   723   710   721   825   779   777   812   732   795   722   719   718   677   709   764   873   837   838   825   719   684   712   713
191 176     8776   725   711   713   825   779   776   813   733   796   723   719   719   677   709   763   873   842   837   823   720   684   704   711
195 176     8009   726   710   721   825   779   776   813   732   798   721   719   720   677   709   763   873   840   837   825   715   684   712   711
199 176     9828   725   710   721   825   779   776   813   733   798   723   719   719   677   709   764   874   840   838   825   720   684   712   712
203 176    10006   726   711   721   825   778   771   813   732   798   721   719   720   678   707   764   873   840   839   825   719   683   710   713
207 176     9020   726   710   721   825   779   775   812   733   798   722   719   720   677   707   763   873   840   838   825   717   684   712   708
211 176    10176   725   710   718   825   779   775   816   733   796   723   716   721   678   709   761   874   841   837   824   719   684   711   715
215 176    11636   726   710   721   825   779   775   813   732   798   723   719   719   677   710   764   873   840   837   824   716   684   712   710
219 176     8031   724   710   721   823   779   776   809   733   798   723   718   718   677   709   764   874   841   836   825   716   684   712   711
223 176     7928   725   710   718   825   779   775   814   733   798   723   713   720   677   709   764   873   841   837   822   717   684   707   713
227 176     9875   724   711   720   823   779   775   812   733   797   722   718   721   677   709   764   873   838   837   824   720   684   711   716
231 176     7143   723   709   722   826   780   777   813   732   798   723   719   718   678   709   763   874   841   837   825   717   684   712   714
235 176    12332   726   709   721   823   778   776   811   733   798   722   718   719   674   709   761   874   841   837   825   716   683   712   708
239 176     8402   725   711   721   821   774   776   813   733   798   723   718   718   676   709   764   873   841   837   824   718   685   712   716
243 176    11575   726   710   721   825   779   776   812   733   797   723   714   720   677   709   764   873   841   836   824   715   684   712   710
247 176     9207   724   710   722   825   779   775   812   730   798   723   719   717   678   707   764   872   841   838   825   716   684   712   714
251 176     7074   725   710   722   825   779   775   813   732   800   722   717   720   678   708   764   872   838   837   825   719   683   711   715
255 176    12246   727   710   721   826   780   776   813   731   798   723   718   721   676   710   765   873   840   836   825   715   684   712   711
175 180     7722   725   709   720   826   779   774   813   731   798   723   717   721   677   709   764   873   841   837   822   717   685   711   712
179 180    11060   727   705   721   825   780   776   813   733   799   721   718   720   679   709   764   874   841   836   824   720   675   712   714
183 180     7945   725   710   722   825   778   776   813   733   798   721   718   720   676   708   764   875   841   837   824   715   684   712   710
187 180    11462   726   710   721   822   777   776   814   732   798   723   719   718   675   709   762   873   841   836   825   717   682   712   714
191 180     7835   725   710   720   825   779   775   811   731   798   723   720   719   678   709   761   874   842   837   824   721   684   713   714
195 180    13118   725   709   721   825   777   776   813   731   798   723   718   719   677   709   764   873   839   837   824   718   683   713   710
199 180     9960   725   711   721   825   779   777   813   733   799   722   718   721   677   708   764   873   839   838   825   716   684   711   710
203 180    11596   725   707   721   824   779   776   812   733   798   722   718   720   678   709   764   874   841   836   825   720   683   712   716
207 180    13021   727   706   721   826   780   777   813   731   798   720   719   720   678   708   764   872   841   837   825   716   682   712   710
211 180    12846   726   710   720   825   779   772   813   732   797   722   715   720   677   707   764   874   840   838   826   717   684   710   712
215 180    12533   722   710   722   826   779   777   812   732   795   722   718   719   677   708   763   874   835   838   825   721   684   712   715
219 180    12304   725   710   721   824   780   777   813   733   795   723   718   721   677   709   764   874   838   837   825   715   684   712   710
223 180    10530   726   709   721   825   779   776   812   732   798   721   718   721   677   709   764   872   840   836   824   718   683   712   712
227 180     7783   725   710   721   824   778   777   813   733   798   722   716   721   677   709   765   874   841   837   825   720   684   712   715
231 180     9953   726   710   722   825   779   777   810   732   798   723   717   721   677   709   763   874   841   837   823   719   684   712   713
235 180    11581   725   709   721   824   777   775   813   733   799   723   718   720   676   708   763   873   840   837   825   715   683   711   710
239 180    11132   728   710   721   825   779   776   812   733   795   723   718   720   678   709   765   874   841   837   825   718   683   711   713
243 180    11510   724   710   721   825   779   776   814   732   799   723   719   721   678   708   764   872   838   837   823   718   684   712   715
247 180     9853   725   711   722   825   779   776   813   732   799   723   719   720   678   707   764   872   841   838   825   717   684   713   709
251 180    10091   725   710   721   825   779   774   813   731   799   722   715   720   677   707   764   871   841   837   824   717   684   712   713
255 180    10181   726   710   721   824   779   777   811   732   799   722   718   720   677   709   763   873   841   838   826   720   684   712   716
175 184    10650   723   710   722   826   779   776   810   732   798   722   717   720   678   709   765   873   842   838   825   717   684   712   714
179 184    13657   727   712   721   824   780   776   813   733   799   722   719   720   678   708   764   873   838   837   825   715   684   711   709
183 184    10760   726   710   721   822   775   776   813   732   798   722   719   719   676   709   762   872   841   838   825   717   683   712   712
187 184    11084   724   710   721   826   779   777   813   731   797   723   718   719   675   709   764   875   839   838   825   719   684   712   714
191 184     9141   725   709   721   825   778   775   812   732   798   722   718   720   677   707   764   873   841   836   825   718   684   711   712
195 184     9800   724   707   721   824   779   775   814   733   798   720   720   720   678   709   763   873   840   835   824   715   684   712   714
199 184    12332   726   709   721   826   779   775   813   732   798   722   718   720   678   709   765   873   841   837   826   720   679   712   714
203 184    11830   726   710   721   822   778   776   811   733   798   722   718   718   677   709   763   873   841   838   825   717   683   712   713
207 184     8317   726   711   721   826   780   776   813   732   798   723   718   720   677   708   764   873   841   838   822   714   684   710   708
211 184    13239   727   710   721   825   778   776   813   727   799   723   719   720   677   709   764   869   841   837   824   720   684   710   713
215 184     9759   726   710   721   825   778   776   813   733   797   720   718   720   674   709   764   873   841   837   826   719   682   712   711
219 184     7300   725   708   723   826   780   776   813   730   799   723   718   720   674   708   764   872   840   838   825   716   681   713   712
223 184    11216   727   710   721   825   779   776   813   732   799   725   719   721   678   709   764   872   841   838   825   720   685   712   718
227 184    13462   726   709   721   825   779   775   813   732   798   722   719   720   677   707   763   874   841   837   824   718   684   713   713
231 184    10271   726   710   722   826   778   777   813   733   799   722   719   720   677   705   765   873   841   837   825   715   683   711   710
235 184    10307   726   710   720   825   778   776   812   731   799   723   718   719   678   709   764   872   841   837   825   720   684   711   713
239 184    10637   725   711   721   825   779   776   812   733   799   722   718   720   678   707   762   872   840   838   825   719   685   712   715
243 184    15087   728   710   719   826   779   775   813   733   794   723   717   720   677   709   764   874   841   839   825   716   684   710   709
247 184    12701   726   710   721   824   779   776   812   732   798   723   719   720   677   709   760   874   840   839   825   719   684   712   712
251 184    11642   727   710   721   825   779   775   813   733   797   722   719   721   678   708   765   874   838   838   825   719   684   711   713
255 184     7535   726   710   720   825   779   775   813   733   795   723   717   720   678   708   764   874   842   837   825   716   684   712   711
175 188     7447   726   711   719   825   779   776   814   732   799   722   718   720   677   707   764   873   840   838   824   717   684   709   713
179 188    12761   726   708   721   825   779   775   813   733   798   720   717   721   677   710   764   873   841   836   824   719   683   710   713
183 188     9259   725   710   721   825   776   776   813   733   798   721   718   720   678   708   763   874   840   834   825   715   684   712   711
187 188     8875   724   710   721   825   778   776   811   733   797   722   718   720   677   710   764   873   840   838   825   717   685   712   710
191 188    14406   726   710   719   824   779   776   812   733   798   723   716   719   677   708   762   874   841   838   824   720   684   712   714
195 188    13262   727   711   722   825   779   776   812   731   799   724   719   720   678   709   763   871   841   836   824   715   682   712   710
199 188    13263   727   710   722   820   779   777   812   732   799   723   718   720   677   709   765   874   841   831   825   718   684   711   714
203 188     8600   724   710   721   825   779   775   812   733   795   723   718   720   677   707   765   873   837   838   825   721   684   711   713
207 188    10243   724   710   722   827   779   776   812   733   796   722   719   721   677   709   765   873   837   837   825   714   684   712   709
211 188     9600   726   709   721   825   778   776   809   732   798   723   720   720   678   709   760   874   841   836   825   718   684   712   714
215 188    11843   727   710   722   825   776   777   813   733   798   723   719   720   677   709   763   873   841   834   825   720   684   713   717
219 188    11215   726   708   721   825   777   776   811   733   798   722   719   720   675   709   763   874   841   837   826   716   682   711   709
223 188    10356   726   711   721   823   779   775   812   732   798   722   717   719   677   708   764   873   840   837   826   718   683   711   713
227 188    10073   726   709   719   825   779   777   813   732   799   722   717   721   677   710   765   874   841   837   825   720   684   711   713
231 188    10931   726   710   720   825   779   776   813   731   798   723   718   719   677   709   762   872   841   838   825   716   684   712   709
235 188     8529   724   710   720   824   780   776   811   731   799   723   721   717   677   709   762   873   841   837   824   717   685   711   711
239 188    11705   727   710   721   826   778   777   813   732   798   723   719   720   677   709   764   876   840   837   825   719   683   710   714
243 188     8427   725   711   721   828   779   776   815   733   798   723   718   718   677   706   762   873   840   838   825   717   684   711   707
247 188    13412   726   711   721   824   780   776   812   733   797   723   719   720   677   709   762   874   838   838   826   718   684   712   712
251 188    10566   725   709   722   823   779   776   813   732   799   723   719   719   677   709   764   874   841   838   825   719   684   712   713
255 188     9988   726   710   722   826   776   777   813   732   798   722   718   720   677   709   764   874   841   838   825   715   684   713   710
175 192     9296   726   708   721   825   779   776   810   732   798   722   718   720   677   709   764   873   841   837   826   720   684   712   715
179 192    10112   726   710   721   825   779   773   813   732   799   723   719   721   677   708   765   873   840   838   825   714   684   712   710
183 192    11325   726   710   720   825   780   776   811   734   799   723   718   720   677   709   763   873   841   838   826   718   683   712   713
187 192    11171   725   711   722   824   779   776   813   733   799   723   716   720   678   709   763   876   840   838   825   716   684   711   711
191 192    10287   726   710   722   824   779   776   813   733   799   721   719   721   678   709   764   873   840   837   825   716   679   712   709
195 192    10873   725   710   721   826   779   777   813   732   798   722   718   716   677   709   764   874   841   837   824   719   684   712   717
199 192    10977   727   707   721   823   777   777   813   732   799   722   719   721   674   709   762   873   841   837   825   717   681   712   712
203 192    11421   726   710   722   825   779   775   811   733   799   723   719   722   677   707   765   874   838   837   825   716   684   712   711
207 192    10345   727   711   721   825   779   777   811   733   798   723   719   720   676   709   764   873   841   836   825   719   684   712   715
211 192    10387   726   711   722   823   778   776   811   733   799   722   718   720   678   709   760   873   841   838   825   715   685   712   709
215 192    10131   726   709   721   825   779   776   813   733   798   720   719   720   677   709   764   874   841   832   826   717   685   711   712
219 192     9070   726   707   722   825   778   776   813   732   799   719   719   720   675   710   764   874   841   835   825   719   684   712   715
223 192     8037   725   710   722   824   779   777   813   733   799   723   719   719   677   709   762   873   840   838   825   719   684   713   710
227 192    10274   726   711   721   823   779   774   813   732   799   723   718   718   677   707   763   874   841   838   826   716   685   711   710
231 192    10502   726   711   721   825   779   775   814   734   798   722   717   718   677   709   763   874   840   836   824   719   683   712   714
235 192    12951   727   713   720   826   779   776   813   733   798   718   718   720   678   707   764   873   842   837   825   716   684   710   711
239 192     9009   726   710   721   826   779   774   813   733   798   722   718   720   678   708   764   873   841   839   825   714   684   711   712
243 192    10184   726   710   721   825   779   776   813   732   798   720   718   721   678   709   764   874   839   835   825   719   684   711   715
247 192    10771   726   710   720   826   779   776   813   733   798   723   718   721   677   709   764   872   840   838   825   717   684   711   711
251 192    13198   727   711   717   825   779   778   813   732   798   723   716   721   677   707   764   874   841   839   824   716   684   713   710
255 192    10984   727   710   721   826   778   776   813   732   799   721   719   720   676   709   764   873   841   835   825   720   684   712   715
175 196    10666   726   710   721   826   777   777   814   732   798   720   719   721   676   710   764   873   841   836   826   714   683   712   709
179 196    13913   727   709   722   826   778   776   813   733   799   723   714   720   677   709   764   874   842   837   822   718   683   712   714
183 196    10507   727   710   722   824   779   774   811   733   798   723   719   720   678   710   763   874   840   837   826   721   685   712   716
187 196     8719   726   710   721   826   779   776   811   734   798   722   719   721   678   709   764   874   841   838   825   715   683   712   707
191 196     9890   723   711   721   824   778   777   812   733   797   721   719   719   676   709   764   873   842   837   825   718   685   712   715
195 196    11769   724   710   722   825   778   776   813   733   798   723   718   718   678   709   764   874   840   838   825   718   684   711   716
199 196    10763   726   710   721   825   777   775   813   733   798   723   719   720   676   708   764   874   841   838   825   716   683   712   711
203 196    10772   726   710   722   825   780   776   814   733   799   722   719   721   676   709   764   873   842   836   826   717   684   712   712
207 196    11524   726   709   722   823   779   777   814   734   798   720   719   719   676   709   764   874   842   836   825   721   683   712   712
211 196     9600   726   713   722   825   777   777   813   732   798   721   719   720   675   710   764   874   841   836   825   717   684   712   710
215 196     9457   726   710   720   825   779   776   813   729   799   722   719   720   676   709   765   873   842   837   828   717   684   711   711
219 196     5482   725   710   717   825   779   777   813   732   799   723   714   721   678   709   764   874   841   838   824   721   685   710   716
223 196     9598   726   710   722   825   779   777   809   733   798   721   719   720   678   709   763   874   841   838   825   716   684   712   710
227 196    10523   726   710   720   826   778   777   814   732   799   723   719   720   677   709   764   873   841   838   826   716   683   711   711
231 196     6538   725   710   717   826   779   777   813   732   799   723   718   721   677   709   764   874   841   838   826   721   684   710   714
235 196    10206   726   710   721   826   779   776   813   732   799   722   719   720   676   708   764   872   841   837   826   715   683   712   711
239 196    10652   726   711   720   825   779   772   814   733   798   723   719   720   677   707   763   873   841   836   826   718   684   712   713
243 196    12708   727   711   722   827   779   777   813   732   798   722   719   719   677   709   765   872   841   838   825   718   684   712   716
247 196    13165   728   709   722   824   778   776   814   733   799   722   719   721   672   709   765   874   837   838   825   717   681   711   710
251 196     7201   726   710   721   826   778   777   813   732   798   722   718   720   678   710   764   873   841   839   827   718   684   713   713
255 196    10681   727   710   722   825   779   773   814   733   799   722   717   720   677   709   764   874   841   838   826   722   684   712   713
175 200     9322   727   710   722   826   779   776   813   733   797   724   719   719   677   710   764   874   843   837   826   714   685   711   710
179 200    10046   726   711   720   826   778   776   813   732   798   723   718   721   678   710   764   872   842   838   825   720   685   712   715
183 200    13169   726   711   720   825   780   777   814   732   798   723   718   720   675   709   764   871   841   838   825   718   684   711   714
187 200     9198   726   710   721   825   780   775   813   732   799   723   717   720   678   708   764   872   842   838   825   717   684   710   710
191 200    10018   725   710   721   826   778   775   814   732   799   724   718   720   677   706   765   874   842   838   825   716   684   711   713
195 200    12367   727   711   722   825   779   775   813   733   799   723   719   721   677   709   764   874   841   839   825   721   685   712   716
199 200    12834   726   710   721   826   779   776   813   732   797   723   718   720   677   710   765   870   840   838   825   715   684   712   710
203 200    10375   726   710   720   826   780   775   813   733   799   722   717   721   677   707   764   873   842   838   824   716   683   711   711
207 200    10387   727   711   721   826   779   771   813   733   799   719   718   721   678   708   765   874   841   837   825   720   683   711   713
211 200     9490   724   709   721   825   780   776   813   733   798   721   719   721   678   709   764   874   841   837   825   714   681   712   711
215 200    11236   727   709   721   821   779   777   815   733   799   721   718   720   677   710   765   874   841   838   825   717   680   712   713
219 200    12666   727   712   722   824   779   777   813   732   798   723   719   719   677   709   765   873   841   837   825   719   684   712   716
223 200    11923   726   709   722   826   779   776   813   731   798   723   718   720   676   708   764   872   842   838   825   716   684   712   708
227 200    11711   726   710   721   823   780   776   812   733   799   722   718   719   678   709   759   874   841   836   825   718   684   712   713
231 200    12823   726   711   721   825   779   775   814   729   798   722   718   720   678   709   764   872   841   838   824   719   685   712   714
235 200    11916   727   710   721   826   779   776   813   734   799   722   720   720   675   710   764   876   840   837   825   716   682   711   709
239 200    10914   727   710   722   824   779   776   811   733   799   723   719   721   678   710   763   873   841   838   826   715   684   712   710
243 200    10524   726   711   722   825   778   776   813   733   798   722   718   720   678   709   765   873   839   837   825   720   684   712   717
247 200     9235   725   710   721   826   777   775   813   732   798   723   718   720   676   709   764   873   841   837   825   718   685   713   713
251 200    10752   724   711   722   826   777   776   813   732   799   723   719   719   677   710   764   874   841   837   826   715   684   713   710
255 200     8922   724   710   723   825   779   776   813   732   798   722   720   720   677   708   764   872   841   839   825   718   684   711   716
175 204     8197   723   709   722   824   780   776   813   733   799   722   719   720   678   709   765   874   842   836   825   718   684   712   712
179 204    12371   727   711   721   825   777   777   814   732   799   723   720   720   676   709   764   873   841   837   824   715   684   711   709
183 204    11647   725   710   721   826   780   776   813   733   795   723   719   721   677   709   764   874   841   838   825   716   685   713   713
187 204     7686   724   710   721   824   779   776   813   733   797   723   719   716   678   709   762   873   841   838   826   719   684   713   719
191 204    10273   725   710   722   825   779   776   813   733   797   723   719   719   677   709   765   873   840   839   826   715   685   712   711
195 204    12581   727   711   721   826   779   776   814   731   799   722   715   720   678   709   764   873   842   838   825   716   684   714   711
199 204    11326   726   710   720   825   778   776   813   732   799   722   718   721   676   710   764   872   842   838   826   720   681   714   714
203 204    10173   725   710   721   827   780   776   813   731   799   721   718   721   678   709   765   872   841   838   826   715   684   710   711
207 204     8855   726   710   722   826   780   776   813   732   799   722   718   720   678   710   764   872   841   839   827   713   684   711   712
211 204    12280   726   711   722   824   780   776   814   733   795   723   718   722   678   709   763   875   841   839   824   719   684   711   714
215 204    12376   728   710   721   826   779   774   813   733   798   721   718   720   677   708   764   874   841   837   824   718   684   711   713
219 204    12552   726   709   722   826   778   777   814   732   798   723   720   720   676   709   764   873   842   838   826   714   684   711   708
223 204     9664   726   711   722   826   779   777   813   733   799   722   718   719   678   709   764   874   841   836   822   719   683   712   714
227 204    11705   727   711   721   825   780   777   813   733   799   722   719   720   674   709   763   874   841   838   825   720   684   712   713
231 204     8580   725   709   720   825   777   777   814   731   799   723   715   720   677   709   764   874   841   838   823   716   684   712   711
235 204    10126   726   711   719   825   779   774   814   731   799   723   717   720   678   707   764   873   842   838   824   715   684   712   711
239 204    10814   727   711   721   825   779   776   813   733   798   723   718   720   677   708   765   874   838   838   825   720   685   712   714
243 204    10890   727   711   721   826   779   773   813   733   800   723   718   720   678   706   764   874   840   837   825   718   684   712   715
247 204     7821   725   708   721   825   777   776   813   732   799   720   719   721   677   709   764   873   842   835   826   716   683   713   710
251 204    11437   726   710   721   826   779   776   813   732   799   723   718   720   678   708   765   873   842   838   824   716   685   711   711
255 204    12023   726   711   720   825   779   775   814   733   799   722   719   719   677   709   764   873   841   838   825   720   683   711   716
175 208    10204   726   710   721   826   779   776   813   732   799   722   719   720   678   709   764   874   842   837   825   720   684   712   714
179 208    11665   727   710   721   825   776   776   813   734   799   722   718   721   676   709   764   874   842   837   825   716   684   712   709
183 208    11458   727   709   722   825   779   776   812   731   799   723   719   720   678   709   763   873   841   838   825   717   683   712   714
187 208     9191   726   709   721   825   780   776   814   733   799   723   720   721   677   708   764   874   840   837   825   718   683   712   715
191 208     6760   725   710   721   826   779   775   813   731   798   723   717   721   678   707   764   873   841   837   825   715   684   710   709
195 208    13026   728   708   722   826   778   776   813   731   799   720   719   721   677   709   764   872   842   837   825   719   682   712   714
199 208     8004   722   710   722   826   780   776   813   733   799   723   719   721   677   707   764   874   839   837   825   719   684   712   714
203 208    12596   727   707   722   826   777   777   813   732   799   722   718   721   673   709   765   874   841   837   826   715   682   713   711
207 208    10964   727   711   722   825   779   776   814   733   799   723   718   720   678   709   764   873   841   838   824   715   684   712   711
211 208     7982   726   710   721   825   780   775   813   730   798   723   717   720   678   707   765   872   842   838   824   719   684   710   715
215 208    11193   726   710   722   823   780   776   812   732   798   723   718   720   678   709   764   874   842   838   825   716   684   712   710
219 208    10027   726   710   719   825   777   775   813   733   799   723   718   720   677   708   764   875   841   839   824   717   685   711   714
223 208    11956   726   710   722   825   779   777   812   731   799   723   718   720   678   710   765   872   841   838   827   719   684   711   714
227 208    10617   724   710   721   826   778   777   813   733   797   722   719   720   676   709   764   874   840   838   826   716   683   712   709
231 208     7920   726   710   722   823   779   777   812   732   798   723   718   720   678   709   762   870   841   837   825   718   685   711   712
235 208     8881   725   710   721   825   778   777   814   733   800   723   718   721   678   710   764   872   842   838   826   720   684   712   716
239 208    10840   726   709   721   825   778   777   813   732   800   723   719   721   678   709   763   873   841   839   825   717   685   712   708
243 208    12573   727   709   722   826   776   777   811   734   799   723   720   720   673   710   762   874   841   836   825   718   684   712   713
247 208    10078   726   710   722   826   778   777   813   733   799   724   719   721   676   709   765   873   841   836   825   719   683   712   715
251 208    10590   726   710   721   824   779   776   812   733   799   723   719   720   677   709   763   874   842   836   826   716   685   713   710
255 208     8942   726   710   722   825   775   776   814   732   799   721   718   720   675   709   765   874   841   837   826   717   682   712   712
175 212    11440   727   711   721   825   779   774   814   732   798   723   716   721   678   707   764   873   841   838   824   721   684   710   716
179 212     9081   725   708   721   826   779   777   813   732   799   723   719   720   676   709   763   873   841   837   825   717   681   712   712
183 212     8190   724   711   720   827   779   776   812   733   797   724   718   720   678   709   765   873   841   837   825   715   684   710   710
187 212     8384   726   709   722   825   778   775   814   733   798   720   719   720   677   710   765   874   840   837   826   718   685   712   712
191 212     8912   725   706   721   826   778   776   813   733   799   722   720   720   679   708   765   874   841   838   825   718   682   712   715
195 212    11545   725   710   722   825   776   777   815   730   797   723   719   719   677   708   764   872   840   837   825   718   684   711   711
199 212    10920   727   711   720   825   779   775   813   732   799   724   718   720   678   708   762   873   841   838   825   716   685   712   709
203 212    12211   725   710   720   824   779   777   812   733   799   723   718   718   678   710   763   873   841   838   827   720   684   711   713
207 212    10120   726   711   723   825   779   776   813   732   799   723   718   720   677   708   764   872   840   838   825   718   684   709   712
211 212    12231   726   710   722   825   778   776   813   733   799   723   719   720   677   709   763   874   841   837   826   716   685   712   708
215 212     9641   727   710   720   826   780   774   813   732   798   723   717   721   677   708   764   874   838   838   826   718   683   709   714
219 212     9400   725   710   721   825   780   777   813   733   795   723   719   721   678   709   764   874   838   838   826   721   685   712   714
223 212     8895   726   711   719   826   779   775   814   732   799   722   715   721   678   708   765   874   842   838   822   716   684   709   710
227 212    10606   725   710   722   825   779   776   814   733   798   723   719   720   678   708   765   874   840   838   826   715   684   712   712
231 212     8985   726   711   721   825   779   776   814   733   797   723   718   719   677   708   764   874   838   838   825   719   684   711   714
235 212     9289   726   706   722   823   779   776   811   733   799   722   719   720   677   709   763   874   841   836   826   720   683   712   715
239 212    10923   728   710   722   825   779   777   813   733   797   723   720   720   678   708   763   874   841   837   825   718   685   711   710
243 212    10880   726   710   721   825   780   774   811   733   799   722   718   720   678   706   763   874   842   838   826   717   684   711   712
247 212     7498   725   710   717   826   779   776   813   732   799   723   718   719   677   706   763   873   841   840   825   721   683   707   714
251 212     9476   725   711   721   826   779   777   813   731   797   723   719   719   676   709   764   875   841   838   824   712   684   711   708
255 212    13965   728   710   721   825   777   777   814   732   799   723   719   718   678   709   765   873   839   839   828   717   683   713   713
175 216     8712   725   710   719   826   780   775   814   732   795   724   717   720   677   707   764   873   839   838   825   718   684   711   711
179 216     9765   725   710   721   825   780   776   814   733   799   723   719   719   677   709   765   875   839   839   826   717   684   712   711
183 216     8717   726   709   721   826   779   777   813   733   798   720   718   720   676   709   765   874   841   833   825   719   683   712   714
187 216     9114   726   707   722   826   777   776   814   733   799   722   719   721   677   709   764   873   841   838   825   717   682   712   712
191 216     9236   726   710   720   826   779   774   814   733   800   723   718   721   677   709   764   874   842   838   824   716   684   709   709
195 216     9232   726   708   721   826   779   777   813   732   799   720   719   720   677   709   765   874   841   837   824   720   683   712   715
199 216     9968   726   710   721   826   779   774   813   733   796   723   719   719   678   707   763   874   842   838   826   718   684   710   715
203 216    12401   727   711   721   826   779   776   813   732   800   722   719   721   677   707   765   873   842   838   825   716   684   712   709
207 216    11494   726   709   722   826   780   777   813   733   799   723   719   720   677   707   765   874   840   836   825   719   684   712   715
211 216     8607   725   710   722   825   776   777   813   733   799   724   719   720   677   709   764   873   842   838   826   719   684   713   715
215 216     9356   726   710   720   824   779   775   813   734   799   722   717   719   678   709   763   873   842   838   826   715   684   713   710
219 216    12170   726   709   722   826   778   776   813   732   798   723   719   720   677   709   764   874   841   838   825   716   684   712   711
223 216     9016   725   710   721   825   779   776   812   733   799   723   719   720   677   708   764   874   841   838   825   718   684   710   714
227 216    14164   728   710   722   826   780   773   812   733   799   723   719   717   677   709   764   874   841   838   825   717   684   711   710
231 216    11885   727   709   721   826   778   776   813   730   799   720   719   721   678   709   765   873   842   837   826   717   683   712   710
235 216    10539   726   711   722   824   780   777   814   733   798   723   719   717   678   710   761   874   841   838   826   719   684   712   714
239 216    11764   726   710   722   827   779   775   813   733   799   724   719   720   678   708   762   873   841   835   826   718   683   712   713
243 216    12962   727   711   721   825   779   775   813   733   797   722   718   721   678   707   764   874   841   838   827   717   685   711   712
247 216     9222   724   711   722   825   779   774   813   733   799   724   719   720   677   707   765   874   841   838   825   721   684   710   713
251 216     9796   724   710   721   826   779   777   813   733   797   723   718   719   678   707   764   873   840   838   825   716   684   711   710
255 216    10703   723   709   722   824   779   776   815   733   798   723   719   721   677   710   763   874   841   838   826   716   683   712   710
175 220    10933   726   710   720   826   779   777   813   732   799   724   718   720   677   709   764   873   841   837   825   720   683   711   716
179 220    11338   725   710   722   825   779   776   812   732   798   723   720   719   677   709   765   873   841   838   826   719   685   712   711
183 220    11988   728   711   721   825   779   776   814   733   796   723   718   721   677   708   763   873   840   838   826   715   685   713   709
187 220     8220   724   711   722   824   777   777   813   733   799   723   720   719   676   710   764   874   841   839   826   716   682   713   710
191 220    12002   727   711   722   827   779   778   813   731   799   723   718   720   678   708   764   873   842   838   824   720   684   712   715
195 220    11273   726   711   721   826   780   776   813   733   799   723   717   720   677   708   765   872   841   838   825   717   684   712   711
199 220     6615   725   710   720   826   779   776   814   732   799   722   716   720   678   708   765   873   841   838   823   716   685   712   711
203 220    14178   728   710   722   826   778   777   814   733   799   723   718   720   678   708   764   870   841   838   825   719   684   712   714
207 220    12894   725   710   721   824   779   776   813   733   798   722   719   716   678   709   764   874   841   839   826   718   685   712   714
211 220     8880   726   710   722   825   778   776   814   732   799   723   718   720   674   709   765   874   841   838   825   714   684   712   710
215 220     9631   727   711   720   825   777   778   813   733   799   722   718   720   678   708   764   872   841   839   825   718   685   713   710
219 220     8914   727   710   721   826   779   773   814   732   798   723   718   721   678   709   764   873   840   838   825   721   684   711   716
223 220    11069   727   711   722   825   778   776   814   732   799   723   719   720   678   710   764   873   843   838   825   717   683   712   713
227 220    11540   727   711   724   826   780   776   813   733   798   724   718   721   678   708   764   874   840   838   824   716   685   713   712
231 220    10251   726   711   723   824   778   776   811   732   799   723   719   720   678   710   763   873   842   838   824   719   684   712   714
235 220    10406   728   707   722   825   779   773   814   733   797   721   719   721   676   709   764   874   841   837   826   719   683   712   716
239 220    13474   728   711   721   826   779   774   814   733   799   723   718   721   678   707   764   874   842   836   827   714   685   712   711
243 220    10204   725   711   721   824   779   777   812   732   799   723   718   719   677   708   763   874   843   838   825   720   685   711   717
247 220     8187   726   708   721   826   779   775   814   733   799   722   716   721   675   707   764   874   842   837   826   717   684   709   711
251 220    10839   726   711   722   826   779   776   813   733   798   722   719   720   677   710   764   874   840   838   824   718   685   712   712
255 220     8744   726   709   721   825   779   777   813   731   798   722   719   720   676   709   764   871   841   837   825   720   684   712   716
175 224     8293   726   711   721   826   779   775   813   733   798   723   719   720   677   709   764   874   841   839   826   717   685   714   711
179 224     7947   726   711   718   825   780   772   813   732   800   722   718   720   679   708   764   874   841   838   826   715   684   709   710
183 224    10179   726   710   720   827   779   778   813   731   799   723   719   720   677   708   764   872   842   838   824   719   684   711   714
187 224    11007   726   708   721   826   779   777   813   733   798   723   719   720   678   709   764   874   842   838   826   719   682   712   714
191 224    10955   727   710   721   825   780   777   812   733   798   722   719   720   677   710   763   875   842   836   825   715   683   712   710
195 224    10845   725   710   722   825   779   776   814   734   798   721   719   720   676   709   766   874   841   838   825   720   684   712   714
199 224     9541   726   710   720   825   779   776   813   734   799   719   717   720   677   709   765   874   842   836   825   720   684   711   715
203 224    11242   727   711   722   824   779   776   813   731   799   723   720   720   678   709   762   874   842   839   826   714   684   713   711
207 224     8894   725   710   721   826   780   776   813   733   794   723   720   719   677   709   764   874   841   838   826   719   685   712   714
211 224    10054   726   710   719   825   780   775   810   732   799   723   718   720   678   707   762   874   841   838   825   717   685   710   712
215 224     7865   726   711   722   825   778   776   815   732   799   724   720   721   678   709   762   873   841   838   826   716   685   712   710
219 224    10566   726   711   722   825   779   776   812   733   799   722   719   721   678   709   763   873   841   838   826   720   684   711   716
223 224    13258   728   710   722   825   776   776   814   731   799   723   720   720   674   710   765   872   841   837   825   717   684   712   710
227 224     8409   726   708   721   826   780   777   814   734   799   722   720   720   675   710   764   873   842   837   825   716   684   712   711
231 224    10011   727   711   723   826   780   776   813   731   799   723   718   721   677   710   765   871   842   838   824   719   684   710   715
235 224     9826   722   710   721   821   780   777   814   733   799   723   719   718   678   709   762   875   842   838   826   714   684   712   711
239 224     8281   726   710   722   825   778   776   813   734   799   720   719   721   676   709   764   874   841   838   825   716   683   712   711
243 224     8834   727   710   721   826   779   774   814   733   798   723   717   720   678   707   765   874   841   838   824   720   684   709   715
247 224     9469   727   709   720   825   779   775   813   731   799   723   718   720   678   709   764   873   842   839   826   717   685   712   711
251 224    12284   727   711   722   825   779   777   812   733   799   722   719   721   678   709   765   874   841   839   826   718   684   712   715
255 224    12709   726   711   721   826   779   777   812   733   797   723   720   721   677   708   764   874   841   838   824   719   685   712   716
175 228    12285   726   711   722   823   779   775   812   732   798   722   717   719   677   710   763   873   842   837   825   718   684   711   710
179 228     9227   724   711   722   825   777   777   813   733   799   723   720   720   678   710   764   874   842   837   825   717   684   712   713
183 228    10910   727   710   721   826   779   777   814   732   798   723   719   719   678   707   764   874   841   838   826   719   684   712   714
187 228     9687   726   711   721   826   779   777   813   733   798   723   719   720   677   709   765   874   842   838   825   718   684   712   711
191 228    10040   726   709   722   825   779   776   815   733   799   724   719   720   676   709   763   874   842   835   825   715   681   712   708
195 228    13995   728   709   722   824   777   777   814   733   799   722   718   721   676   710   764   874   841   837   826   720   681   712   714
199 228    11295   727   711   722   827   780   775   814   733   799   723   719   721   678   707   765   873   841   838   824   719   685   710   716
203 228     8904   725   710   722   823   779   776   811   733   798   723   719   717   678   710   764   874   841   837   825   715   685   712   709
207 228    10548   726   710   721   825   780   776   813   733   799   723   719   721   677   709   764   874   839   838   826   717   684   711   713
211 228    11288   727   710   721   825   779   775   813   734   798   723   715   721   677   706   765   875   842   837   823   719   684   711   713
215 228    11481   728   710   721   824   780   777   813   733   798   722   720   718   678   709   763   874   839   839   825   717   683   712   709
219 228     9581   723   708   722   826   779   776   814   733   796   723   720   719   678   710   764   874   842   840   825   721   684   712   713
223 228    11841   726   710   722   825   779   774   814   733   798   723   719   720   678   709   764   875   842   838   825   714   683   711   711
227 228     9173   726   709   720   825   779   777   814   733   799   723   720   720   678   710   764   873   841   837   824   717   683   713   713
231 228    10906   727   711   720   824   780   775   813   734   799   723   717   719   678   709   764   875   841   839   824   721   684   710   712
235 228    12765   727   711   721   825   779   776   814   733   798   722   719   719   677   710   764   873   841   838   825   716   684   712   711
239 228     9718   725   711   722   825   779   777   813   733   798   723   719   720   677   709   763   874   842   838   825   718   685   713   712
243 228     8080   726   710   719   826   780   774   814   732   799   722   717   721   677   707   764   874   842   837   826   721   684   710   715
247 228     9799   725   711   722   826   779   776   813   731   799   724   719   720   678   708   764   872   838   838   825   714   684   714   710
251 228    11404   726   710   721   826   780   777   815   733   801   722   717   720   678   708   765   873   836   838   824   717   685   712   712
255 228    11398   725   709   722   823   779   776   815   733   798   724   719   720   678   709   764   874   842   837   826   720   685   712   716
175 232     6161   725   710   721   826   778   777   814   734   799   723   719   721   676   709   764   873   841   838   826   715   683   712   711
179 232    11451   727   711   722   825   779   773   814   734   798   723   719   720   678   706   764   875   844   839   825   718   685   712   713
183 232     9673   725   710   722   825   779   776   813   733   798   723   720   721   679   709   761   874   840   838   826   718   684   711   716
187 232    10063   727   710   722   824   779   777   814   733   797   722   719   717   677   710   763   873   842   837   825   714   684   713   711
191 232     8824   726   710   722   826   779   776   811   733   799   721   719   721   677   710   762   873   842   837   826   721   682   713   714
195 232     6984   726   708   722   825   778   776   812   732   798   723   719   719   676   709   763   874   841   838   826   719   683   713   711
199 232     8688   724   711   722   826   779   776   813   733   797   722   719   719   677   710   764   874   842   837   826   716   684   712   711
203 232     9960   728   711   721   826   779   777   814   733   799   722   719   721   679   707   765   874   842   837   826   719   683   710   714
207 232     8375   726   712   721   825   779   777   813   733   799   723   717   719   678   706   763   875   841   838   825   715   684   709   710
211 232    10520   727   710   720   826   779   776   814   733   798   722   718   720   678   708   764   874   842   837   825   718   684   712   715
215 232     9794   724   708   722   825   777   777   812   732   798   720   718   720   675   709   764   874   840   838   825   717   681   713   712
219 232     8477   726   708   722   825   778   777   813   733   798   723   719   719   677   709   764   874   841   838   825   716   680   712   713
223 232     7654   724   711   719   825   780   776   815   733   799   723   717   718   677   708   762   874   840   838   825   718   684   711   716
227 232    12817   727   711   721   824   779   776   813   733   799   721   719   720   677   709   764   874   842   836   826   718   685   713   710
231 232     9777   728   710   722   826   779   775   813   733   798   723   720   721   677   708   764   874   842   838   825   715   684   711   709
235 232     9299   727   710   720   826   779   775   814   732   798   722   718   721   678   710   764   874   841   837   826   720   685   710   714
239 232    11127   727   709   723   826   778   776   814   733   799   719   720   721   675   710   764   874   842   837   826   720   682   712   714
243 232    10085   726   708   722   825   780   777   813   733   798   722   719   720   678   709   764   874   842   835   825   717   682   713   709
247 232     7205   726   710   720   826   778   776   814   733   799   723   718   720   678   708   764   874   842   838   825   719   684   713   714
251 232    11948   727   711   722   826   780   777   811   733   799   722   720   721   678   709   762   874   842   838   827   719   684   713   715
255 232     7758   726   709   721   826   777   777   813   733   798   723   719   721   676   709   764   874   842   836   826   717   684   713   710
175 236    10086   725   710   719   824   780   775   812   733   799   723   719   720   678   706   762   874   842   837   825   718   685   710   713
179 236    10534   725   710   721   824   780   776   813   732   796   720   719   720   677   710   764   874   838   838   827   720   683   712   714
183 236    11016   727   710   720   826   780   776   813   733   799   723   718   721   677   709   764   875   842   838   825   714   685   711   708
187 236     8714   726   710   722   826   779   776   814   733   797   723   718   720   678   709   765   873   839   838   825   721   684   713   716
191 236    11516   725   710   723   824   779   777   814   732   798   722   718   719   678   708   764   874   842   839   825   715   684   712   709
195 236    11902   725   710   720   826   780   777   814   734   799   723   718   720   678   707   765   874   840   838   825   720   684   711   717
199 236    11203   727   710   721   826   780   775   813   733   798   723   720   720   677   707   764   876   842   838   825   716   685   711   712
203 236     9036   727   710   719   826   779   775   814   733   799   722   716   721   677   708   765   874   842   838   826   718   685   711   713
207 236    11900   726   710   722   825   779   776   814   733   799   723   719   718   677   710   764   874   840   838   826   723   685   712   719
211 236    12172   726   710   721   827   779   773   814   733   799   723   717   720   677   708   764   874   840   838   825   716   684   711   712
215 236     9414   727   711   720   826   779   773   814   733   799   723   719   721   677   707   764   874   843   838   826   715   685   710   711
219 236     8307   726   710   720   826   779   775   814   733   799   723   715   720   677   708   764   874   842   838   824   719   684   709   714
223 236     9025   727   708   722   825   777   777   814   734   799   720   719   720   677   710   764   872   841   837   825   717   679   712   713
227 236     9739   724   710   721   823   779   777   812   733   796   723   720   719   678   710   764   873   841   838   826   716   685   713   710
231 236    10341   725   711   721   825   779   777   813   733   798   723   719   719   677   708   764   875   841   838   826   720   684   712   713
235 236     9215   725   710   722   826   779   776   813   731   798   723   719   719   677   709   764   873   842   838   824   718   684   713   714
239 236     5783   726   711   722   825   780   776   811   733   799   722   719   720   678   710   763   874   841   838   826   715   685   711   710
243 236     8141   726   709   720   825   779   775   814   733   799   722   718   720   677   708   765   873   842   837   825   720   681   711   715
247 236    11424   726   708   722   826   780   776   813   733   799   720   719   721   678   708   764   874   841   837   825   718   683   712   713
251 236    11620   725   711   722   825   779   776   814   733   798   723   719   719   679   709   764   875   841   838   827   716   684   713   711
255 236     9762   728   709   720   826   780   776   813   731   799   723   719   720   678   709   764   872   842   839   824   721   684   710   716
175 240     8601   724   711   722   825   777   777   813   733   799   723   720   719   677   709   763   874   842   838   826   715   683   711   709
179 240     8483   725   710   720   826   780   775   813   733   797   723   717   720   677   708   765   874   841   838   824   719   684   712   714
183 240     8977   726   710   719   826   777   777   814   731   798   722   720   721   677   709   764   871   842   839   821   717   685   710   712
187 240    13477   727   711   722   823   780   777   814   733   799   723   719   719   678   709   763   875   841   838   826   719   684   711   710
191 240     7355   726   710   721   826   779   776   813   733   798   722   719   720   677   709   764   874   842   836   826   717   685   712   713
195 240    12962   727   708   722   825   780   777   815   732   798   723   719   721   676   710   764   873   841   839   825   716   680   712   711
199 240    11642   727   710   722   826   777   776   813   732   799   722   719   721   675   710   764   874   842   838   826   720   682   712   715
203 240    11007   725   710   722   826   780   776   814   732   798   724   720   719   678   710   762   874   842   839   826   716   684   712   709
207 240     8682   726   710   719   826   779   773   814   732   799   722   718   720   677   707   764   874   842   838   825   720   684   709   714
211 240     9750   727   710   721   826   779   776   814   733   799   722   719   720   677   710   763   874   841   838   826   719   683   713   714
215 240     8118   726   710   723   825   779   776   813   732   798   723   719   719   678   709   764   873   842   838   825   716   685   712   710
219 240     8733   724   709   722   827   780   777   814   734   799   722   719   719   677   709   764   874   842   838   826   719   682   712   717
223 240    10577   726   711   723   824   780   776   812   733   799   723   717   721   678   708   763   874   842   839   825   716   684   711   711
227 240     8918   726   710   722   826   780   774   814   732   799   722   718   720   678   707   764   874   842   837   826   719   685   711   716
231 240    10405   727   710   721   824   777   776   814   734   798   722   719   719   678   710   763   874   840   838   825   718   684   712   711
235 240    11408   727   710   722   826   779   777   814   732   799   724   719   720   677   708   765   874   841   839   825   716   684   713   709
239 240    11263   725   709   723   825   779   778   813   733   799   723   719   720   676   709   764   874   841   839   825   720   682   712   715
243 240    10305   726   709   721   825   779   776   814   731   799   722   720   720   677   708   765   873   842   838   825   716   685   712   712
247 240    11360   727   711   722   826   779   775   814   732   799   724   718   721   678   707   765   875   842   839   825   717   685   711   711
251 240    10076   724   711   721   826   780   775   813   732   798   724   718   718   678   710   765   874   841   838   826   719   685   712   714
255 240     8468   726   710   721   824   780   777   810   733   799   724   720   721   678   709   762   874   842   834   826   718   684   712   711
175 244     7612   726   706   721   826   778   777   813   733   799   720   719   720   675   710   764   874   842   836   825   718   682   713   714
179 244    11456   727   710   721   826   780   776   814   733   796   723   719   719   678   709   764   874   838   837   826   718   684   712   714
183 244    11111   727   710   722   824   780   777   812   733   798   723   719   722   674   710   763   874   841   839   825   717   684   712   712
187 244     7766   725   710   719   826   780   776   813   733   799   722   717   720   678   706   764   874   841   838   826   721   684   711   713
191 244     8076   726   711   722   826   780   777   812   733   798   723   719   720   678   709   762   875   843   839   826   716   684   713   708
195 244     9996   726   713   722   826   778   776   813   732   799   719   718   720   677   710   765   873   842   836   825   719   685   713   715
199 244     8786   726   710   721   826   781   777   815   733   799   723   718   721   676   709   765   874   842   836   826   716   686   711   713
203 244    11448   726   710   722   826   776   776   814   733   799   723   719   721   677   710   764   874   842   839   826   714   684   712   710
207 244     8438   725   709   721   827   779   777   814   732   799   723   719   720   676   710   764   874   841   837   825   719   683   712   715
211 244     8614   725   710   721   826   780   776   813   731   799   722   719   717   677   710   764   870   842   838   826   719   685   710   712
215 244     8644   725   706   723   824   780   777   813   733   799   720   719   720   679   710   764   874   842   836   825   720   683   713   711
219 244     9150   727   710   720   826   778   775   814   733   799   722   719   720   678   708   764   874   842   838   825   721   683   710   715
223 244     9499   725   709   721   826   779   777   814   731   799   722   719   719   677   709   765   874   842   838   826   716   681   712   713
227 244    12494   726   709   719   826   779   777   813   733   798   722   718   720   677   708   764   874   843   838   824   717   683   712   713
231 244    12090   727   711   722   826   780   774   814   733   798   723   717   720   678   708   764   874   842   838   826   718   685   713   713
235 244     9357   726   709   722   826   778   777   814   733   799   721   719   721   676   710   765   874   842   840   826   716   685   712   711
239 244    10379   727   708   722   826   776   777   813   734   799   721   719   720   674   710   765   874   842   836   826   721   682   713   715
243 244    10839   726   710   722   826   779   773   814   734   798   723   718   721   678   709   765   874   842   838   825   716   685   711   712
247 244     8672   728   711   721   824   779   775   814   733   798   723   718   720   677   709   765   875   844   838   827   718   684   713   713
251 244     9341   727   705   722   826   780   777   814   733   798   718   719   720   677   710   765   873   843   839   826   719   681   712   712
255 244     7856   725   710   720   826   780   775   813   733   799   723   715   720   678   706   764   873   843   839   824   716   684   710   709
175 248     6920   725   710   720   826   776   776   813   733   799   721   718   720   674   710   765   873   842   838   825   719   683   711   715
179 248    12224   724   711   722   826   780   777   813   732   798   723   716   720   678   710   763   875   842   839   825   718   684   710   714
183 248     6569   725   710   721   826   779   776   814   734   799   723   721   720   677   707   765   875   843   837   822   716   685   711   710
187 248    12093   727   709   721   826   780   775   814   734   799   721   717   720   677   708   765   874   842   835   826   720   683   711   716
191 248    10997   727   710   719   825   780   776   812   733   799   722   718   720   677   708   764   874   842   838   824   718   684   710   713
195 248     9624   725   710   722   826   777   777   813   732   798   722   719   720   676   709   764   874   839   839   826   714   684   712   711
199 248    12501   726   713   722   826   779   777   814   733   799   722   719   720   677   709   764   874   840   837   826   719   683   712   714
203 248     9785   727   711   723   825   780   777   813   730   799   723   719   720   677   708   765   872   842   838   826   719   684   713   715
207 248     7557   727   710   723   825   780   777   813   732   800   723   718   720   678   709   764   874   842   838   826   716   686   713   711
211 248     8933   726   709   722   826   778   777   813   733   799   723   719   720   677   709   765   876   843   838   825   720   685   712   715
215 248    13332   725   711   721   826   780   774   814   733   795   723   718   721   678   708   765   874   842   839   826   720   684   712   713
219 248     9388   727   710   721   826   779   776   814   733   798   723   718   721   678   707   764   874   842   838   825   718   684   711   710
223 248     9305   727   709   722   826   777   777   813   733   799   722   719   721   675   710   764   874   843   835   826   718   681   712   712
227 248    11618   726   709   723   826   778   776   814   734   799   720   719   721   676   709   764   875   842   836   826   720   680   713   714
231 248     8961   726   709   722   826   777   777   814   732   798   722   719   720   672   709   764   874   841   839   826   716   683   712   711
235 248    12012   727   710   723   826   778   778   814   731   799   722   718   720   677   709   764   874   842   839   825   716   683   711   709
239 248    13520   727   711   720   826   779   778   814   734   799   722   719   721   678   710   764   872   842   838   824   719   684   712   714
243 248     8421   726   712   723   826   778   776   814   733   799   721   719   720   674   709   764   873   842   836   826   719   684   712   714
247 248     9460   725   711   722   825   779   776   814   732   798   723   718   720   677   708   763   874   841   839   826   714   684   711   711
251 248     7923   725   709   722   825   779   776   812   733   798   721   719   720   678   710   764   874   840   838   826   721   683   712   715
255 248     8810   726   711   722   826   780   777   813   733   799   721   719   720   678   709   764   874   842   839   824   716   684   713   710
175 252    11283   726   711   720   826   779   777   812   733   799   723   718   720   678   706   763   874   841   838   824   718   685   711   712
179 252    10459   727   710   722   826   779   777   813   734   796   723   719   720   678   709   764   876   842   839   826   720   684   712   717
183 252    11772   726   710   721   824   778   777   813   733   800   722   719   720   677   710   764   873   840   838   826   716   684   712   708
187 252     9566   727   708   722   826   779   777   814   733   798   721   719   720   678   709   765   875   841   838   827   717   683   712   712
191 252    10824   726   709   722   825   778   777   813   732   799   722   719   720   676   710   764   875   842   839   826   718   684   712   716
195 252    10998   727   710   721   824   779   777   812   734   799   723   719   718   678   707   764   874   842   838   826   716   684   712   709
199 252     8817   726   709   722   824   780   777   813   733   799   723   720   719   677   709   763   874   842   838   825   719   685   712   714
203 252    11723   727   710   721   826   779   775   814   732   800   723   718   720   678   707   765   872   841   837   826   718   684   711   713
207 252    11171   727   710   722   826   776   777   814   730   799   724   719   720   676   709   764   873   842   838   825   715   685   711   711
211 252     8281   725   711   718   826   779   777   813   733   798   723   718   721   677   706   764   874   842   838   825   720   684   711   715
215 252    13581   727   710   722   826   778   777   814   729   798   723   718   721   677   710   764   872   842   838   825   720   685   712   717
219 252    11360   727   710   722   826   781   777   814   732   799   722   719   720   672   710   764   872   842   837   826   719   683   712   714
223 252    13614   728   710   717   826   779   776   814   733   798   723   717   721   677   708   764   873   841   838   826   716   684   710   711
227 252     9440   727   710   722   826   777   777   814   732   799   724   718   720   677   710   764   872   841   838   825   720   684   712   716
231 252    12186   726   710   721   826   780   777   813   734   799   720   719   721   677   710   764   873   841   837   826   716   682   713   712
235 252    10112   725   710   720   826   780   778   815   733   798   723   719   720   678   707   764   874   841   838   824   719   684   710   713
239 252    13556   729   710   722   826   780   777   814   733   800   723   719   720   678   710   763   874   838   838   826   720   684   712   715
243 252     9841   726   710   722   826   780   777   814   730   799   723   718   720   675   708   764   873   842   837   824   715   682   712   710
247 252     9491   726   709   722   826   779   777   814   731   799   723   718   721   678   709   764   874   842   835   826   719   682   711   716
251 252    12431   727   710   721   826   778   776   815   733   799   723   718   720   678   710   761   875   841   838   828   718   684   712   714
255 252    11514   726   711   721   825   781   777   814   733   797   721   720   720   678   710   765   875   841   837   826   717   683   712   711
