! Map center:  215,212
175 172    12424   727   710   722   826   780   777   812   733   800   722   719   720   677   709   763   874   842   837   826   715   684   710   709
179 172    12419   727   710   721   826   779   777   814   734   799   720   720   721   678   709   764   874   842   838   825   716   683   710   710
183 172     8579   726   711   722   825   779   777   813   733   799   723   717   721   678   709   763   874   841   838   824   721   684   710   715
187 172     9088   727   711   722   826   778   777   814   734   798   721   719   721   679   709   764   874   840   839   825   719   683   712   715
191 172     7405   726   710   719   826   780   777   814   733   799   723   717   720   677   709   765   874   842   839   825   715   683   711   711
195 172    10664   726   710   722   826   778   777   815   734   798   723   720   722   677   710   764   872   841   838   826   719   684   712   712
199 172    10342   726   710   722   826   779   777   814   733   800   724   719   719   678   709   764   875   841   836   827   722   684   712   717
203 172    11002   728   711   723   826   779   776   814   734   799   722   719   720   679   709   764   874   842   836   823   718   685   712   713
207 172     9161   726   709   721   825   779   777   813   731   799   722   721   721   675   710   764   871   842   838   827   715   684   709   710
211 172    11265   725   710   722   828   780   777   814   733   798   721   719   722   678   710   764   874   841   838   827   718   684   713   715
215 172    10672   727   709   721   826   780   775   814   730   800   721   719   721   677   708   765   872   842   839   826   719   681   711   714
219 172     9906   727   710   721   827   780   775   813   733   796   723   717   721   678   709   765   874   840   838   828   716   684   711   709
223 172     9595   726   711   722   824   780   777   815   733   797   723   719   718   678   710   763   873   841   838   827   719   685   712   712
227 172     7088   725   711   721   826   780   775   814   733   797   723   718   720   678   708   765   874   842   838   826   720   685   712   716
231 172     9661   726   710   721   827   780   774   814   733   799   723   720   720   678   707   765   874   841   839   825   717   684   711   712
235 172    10323   727   710   721   825   780   777   814   732   798   723   718   719   678   709   764   874   839   839   827   716   685   712   711
239 172    11890   727   711   722   826   780   776   815   733   798   723   718   720   678   709   764   874   840   839   826   720   684   712   716
243 172    11960   727   709   723   825   779   777   813   733   799   722   720   720   677   710   765   874   842   834   827   718   685   712   711
247 172     9221   726   711   724   826   779   773   814   731   799   723   716   721   679   708   765   873   842   838   822   715   685   711   711
251 172    11296   726   710   722   825   780   777   814   733   796   722   719   720   678   711   762   874   842   838   826   717   683   711   715
255 172    11273   727   712   722   826   778   777   814   733   799   721   719   721   678   710   765   874   843   836   826   719   685   712   715
175 176    14241   726   710   722   826   780   776   813   733   798   721   719   722   678   709   763   874   842   838   826   716   685   712   714
179 176     9250   726   711   722   825   779   777   813   733   799   722   719   720   679   710   764   873   842   840   826   720   684   712   715
183 176    11140   727   710   721   826   778   777   814   733   799   722   719   721   677   710   762   874   842   837   826   717   685   712   711
187 176    10372   727   709   720   826   780   775   814   733   799   722   718   721   675   710   764   874   842   839   826   715   683   712   709
191 176    11242   726   710   722   823   780   777   813   733   799   723   717   720   678   711   765   873   842   839   824   719   684   710   714
195 176    11113   727   710   722   823   780   777   814   733   796   723   720   719   677   710   764   875   841   838   826   720   683   712   714
199 176    11951   727   710   722   825   781   776   814   732   798   724   719   721   677   709   765   873   842   838   828   716   684   713   710
203 176     9814   726   710   720   826   780   777   815   732   799   722   717   721   678   709   764   874   843   839   825   717   685   711   710
207 176    13793   728   711   721   825   780   775   812   733   799   722   717   720   677   708   764   874   841   839   826   720   685   713   716
211 176     9616   725   709   723   824   781   777   814   732   799   723   720   719   675   709   764   874   840   837   826   718   682   713   713
215 176     8354   726   711   722   825   780   776   813   733   799   723   719   721   677   708   765   874   843   838   827   718   685   711   709
219 176    10796   727   710   722   825   780   775   813   733   799   722   719   720   678   708   763   874   841   838   826   718   684   711   712
223 176     9860   725   711   720   825   780   775   813   733   798   723   718   721   678   709   763   874   841   839   825   720   684   711   716
227 176     8259   725   710   721   826   779   777   814   733   799   722   717   721   677   708   765   874   843   839   827   717   684   709   713
231 176     8344   726   708   722   826   779   777   813   733   799   723   719   720   677   710   762   875   842   837   826   716   680   712   710
235 176     8838   726   708   722   825   778   777   814   733   799   722   720   720   676   710   764   875   842   838   826   719   683   712   715
239 176    10459   727   710   721   826   779   777   814   732   799   722   718   721   677   709   765   871   842   838   827   719   684   710   715
243 176    11895   725   712   721   826   780   775   815   733   797   723   719   722   677   707   764   874   841   838   826   716   685   711   711
247 176     9572   726   710   722   826   780   777   811   733   799   723   719   719   678   709   763   874   842   837   826   717   684   712   710
251 176    11562   727   710   722   825   780   777   814   733   800   723   719   720   677   708   764   874   842   839   827   721   685   713   715
255 176    10042   725   710   723   828   781   777   814   733   795   723   719   717   678   710   764   874   840   838   826   719   685   712   715
175 180    11189   727   712   722   825   777   777   814   732   799   722   720   721   676   710   764   875   842   838   826   717   684   712   713
179 180    10995   727   708   722   825   778   777   814   733   799   720   719   721   677   710   764   875   842   837   826   720   683   712   716
183 180     9804   725   711   719   826   780   776   814   731   800   722   718   720   678   709   764   875   842   839   826   716   684   710   712
187 180     7311   724   711   722   824   779   777   813   733   799   723   719   719   677   709   762   874   841   836   826   715   684   712   714
191 180     8012   727   709   722   825   779   778   814   732   799   723   719   721   675   709   765   874   842   837   825   720   683   712   716
195 180    11033   727   711   721   826   782   775   814   734   799   723   717   721   675   709   765   875   842   838   826   716   685   710   712
199 180    15325   728   710   722   825   778   777   811   733   800   723   719   720   677   709   764   875   842   839   827   717   683   712   711
203 180     9941   725   710   722   825   778   777   813   734   799   721   719   720   678   710   762   874   842   837   826   719   684   712   717
207 180    12336   727   711   722   826   779   778   812   733   798   721   718   721   677   709   763   873   843   838   825   716   684   712   709
211 180    11219   728   709   721   826   778   778   814   735   798   723   720   720   677   706   765   876   842   839   825   720   683   712   714
215 180    13206   728   710   721   826   778   775   814   734   798   722   720   721   677   709   765   874   841   838   827   721   684   712   716
219 180    13856   727   709   722   826   778   776   814   735   799   722   717   720   678   709   764   875   841   837   825   717   684   711   713
223 180    11810   727   710   722   825   780   777   815   733   799   724   719   720   678   709   761   873   842   839   825   716   684   711   711
227 180    11909   726   711   721   826   780   776   812   733   799   723   718   719   678   710   764   873   843   840   825   719   685   712   715
231 180    11691   725   711   721   826   780   777   814   733   798   723   719   721   676   709   765   874   839   838   826   719   684   712   718
235 180    13831   727   708   722   825   782   776   814   733   799   722   719   720   678   709   765   874   841   837   827   718   684   713   709
239 180    13017   727   711   723   826   777   777   814   732   798   723   719   721   678   708   764   874   841   838   825   716   685   712   711
243 180     8937   727   709   720   826   780   775   814   732   798   722   718   721   678   709   766   874   843   836   826   720   682   712   716
247 180    10933   725   711   722   824   780   777   814   733   798   723   718   720   678   711   767   874   840   838   827   716   684   713   711
251 180    13265   727   711   722   826   780   776   812   733   798   722   719   720   678   710   764   875   843   839   825   716   684   712   710
255 180     8857   725   711   723   825   780   778   814   733   798   724   719   721   678   710   764   875   841   839   826   720   684   712   718
175 184     7876   724   710   721   824   780   776   813   733   795   723   719   719   678   709   764   874   841   839   827   719   684   711   712
179 184     8811   726   710   722   826   780   775   814   733   799   723   715   721   678   708   765   874   843   839   825   720   685   712   716
183 184    12289   727   709   722   827   780   776   812   733   799   723   718   720   676   710   764   874   842   838   826   717   685   712   712
187 184     9831   727   711   721   826   779   777   814   731   799   723   717   720   678   709   765   872   842   838   825   716   684   711   712
191 184     8199   726   711   721   827   780   776   814   733   799   723   719   720   678   708   765   874   839   838   826   720   684   712   716
195 184    10216   724   710   722   824   780   777   811   733   798   723   719   719   678   710   763   875   841   838   826   717   684   712   715
199 184    14046   727   713   722   826   778   777   813   733   800   719   719   720   677   710   764   874   843   834   826   717   683   712   709
203 184    10286   725   711   722   823   780   777   815   733   795   723   719   718   678   709   764   875   841   839   826   721   684   712   713
207 184    12601   726   710   722   825   780   777   813   733   797   723   719   716   677   709   764   874   841   838   826   719   684   712   715
211 184    10185   726   710   723   825   780   776   813   732   798   723   718   721   677   708   765   874   842   838   826   716   685   712   711
215 184    11800   727   707   721   826   777   777   814   731   799   721   719   720   675   710   764   876   842   838   826   717   682   712   711
219 184    12534   727   710   718   826   780   776   813   731   799   724   718   721   677   711   765   873   842   838   825   720   684   710   716
223 184    13330   728   712   720   826   780   776   814   730   799   723   718   721   678   708   765   874   841   838   827   721   684   710   715
227 184    10904   724   710   722   825   779   776   813   733   800   722   720   719   678   710   765   875   841   838   826   715   683   712   709
231 184    11972   727   710   721   826   778   778   814   731   799   722   720   721   676   709   765   872   843   838   826   719   683   712   715
235 184    13203   725   710   720   824   780   774   814   733   799   723   719   720   678   708   764   874   842   839   825   720   684   712   715
239 184    12938   728   710   724   825   780   775   813   732   798   723   717   721   678   709   765   872   842   839   825   715   684   711   712
243 184    12620   727   711   721   826   779   777   813   733   799   723   721   720   677   709   765   874   842   839   824   717   684   712   712
247 184    10955   726   711   721   825   780   778   811   733   797   723   717   719   678   708   767   874   841   839   825   720   684   710   714
251 184    10802   727   711   722   825   780   778   814   731   799   723   719   719   677   709   765   872   842   838   826   719   685   712   711
255 184     8647   726   710   721   825   781   776   813   732   800   723   719   720   678   710   764   874   842   839   826   715   684   712   710
175 188    12243   726   711   722   824   779   777   812   732   798   723   720   720   677   709   765   873   841   838   826   720   684   712   715
179 188    10965   723   710   723   826   780   776   817   731   797   723   719   718   678   708   762   873   843   839   825   717   685   713   713
183 188    10290   727   710   722   826   779   777   813   734   800   721   718   721   677   706   764   873   842   837   825   715   683   713   710
187 188     9688   726   710   721   825   779   778   813   733   799   723   720   719   678   708   764   874   841   838   826   719   684   710   714
191 188     9943   726   710   720   825   780   777   814   732   799   722   719   720   677   709   764   873   841   838   827   721   685   711   714
195 188    10596   724   709   722   827   780   777   813   733   799   723   720   720   675   710   765   874   843   837   827   715   682   712   712
199 188    10376   726   710   722   825   778   778   812   731   800   723   719   719   676   710   764   873   841   839   827   719   684   712   715
203 188     7757   726   710   722   827   777   777   813   732   800   723   719   720   678   710   762   876   843   838   826   720   683   712   717
207 188    13326   727   710   722   826   779   776   814   733   799   723   718   720   677   710   764   874   842   837   826   719   683   712   713
211 188    12404   728   708   722   825   779   777   813   733   799   721   719   720   677   710   766   874   842   839   827   716   682   712   710
215 188    13414   728   711   722   827   780   777   815   732   798   723   719   719   677   709   762   874   842   838   826   718   685   713   714
219 188    12469   726   710   722   825   780   777   811   733   799   724   719   720   678   710   762   875   841   838   826   719   684   712   716
223 188     9584   726   708   722   826   779   777   813   733   799   719   719   721   677   710   763   874   842   839   825   718   681   712   714
227 188    10255   727   711   721   826   780   776   815   731   800   723   717   720   677   709   765   875   843   839   827   717   684   711   710
231 188     9507   724   710   722   825   780   778   815   733   797   724   719   721   678   709   760   874   840   838   827   721   685   712   715
235 188    10021   727   711   719   826   780   774   814   733   799   723   717   721   678   707   765   874   842   838   826   720   685   711   716
239 188    11594   727   711   721   826   781   775   815   732   799   723   720   720   677   709   765   873   841   838   826   717   685   711   712
243 188    12446   726   711   722   826   780   774   815   733   798   723   719   720   678   708   765   875   841   839   826   715   684   711   710
247 188    11493   727   710   719   826   780   773   814   733   799   723   718   721   678   708   765   874   842   838   827   717   685   709   712
251 188    12417   727   711   722   822   780   777   811   733   799   722   720   720   678   710   763   874   842   839   826   722   684   713   715
255 188    12760   727   711   721   826   776   778   814   734   800   721   720   720   674   710   764   874   842   837   826   717   685   713   712
175 192     9085   727   711   719   826   780   776   814   733   797   723   720   722   678   708   765   874   841   839   826   720   684   711   715
179 192    11537   728   711   720   825   780   776   815   733   799   723   719   721   677   709   764   874   841   838   825   717   685   713   713
183 192    10011   724   710   722   825   780   777   812   733   799   723   719   719   678   710   764   874   841   839   826   714   685   712   710
187 192     7204   726   710   720   825   782   778   815   733   799   723   720   720   676   710   765   874   841   836   825   721   684   711   715
191 192     6896   726   711   722   827   780   777   813   733   800   723   719   717   678   709   765   875   840   839   826   717   684   712   709
195 192    12126   726   711   721   826   778   777   814   732   799   723   718   720   679   709   764   873   842   838   827   715   684   709   712
199 192    12615   727   711   721   825   780   777   814   733   798   723   718   721   677   709   764   872   843   838   827   721   684   712   715
203 192    11217   726   711   722   827   781   776   815   734   799   723   718   719   676   708   764   873   841   838   826   718   684   711   713
207 192    13488   728   708   721   826   779   774   814   734   800   722   717   721   677   708   765   874   841   838   826   715   683   711   710
211 192    11141   728   710   721   826   780   777   815   734   799   724   719   719   678   710   762   875   840   839   825   718   684   710   715
215 192    11463   727   710   721   825   780   774   814   733   800   723   719   718   677   709   763   874   842   839   824   720   684   710   714
219 192    12206   727   711   722   826   779   777   814   733   799   722   719   720   677   709   765   874   842   837   826   715   685   713   709
223 192    13972   725   711   721   826   779   777   814   734   800   723   719   721   676   710   765   875   842   837   826   719   684   712   714
227 192    12815   726   711   722   825   779   777   813   732   799   723   719   720   678   710   764   873   841   838   826   719   684   711   715
231 192    12469   727   711   722   825   779   777   812   732   798   723   719   719   676   710   765   875   840   839   826   716   684   713   710
235 192    12189   727   711   722   826   780   777   813   733   799   722   719   719   678   710   764   874   841   839   824   716   684   712   712
239 192     9666   725   710   722   826   781   777   814   733   802   723   720   720   676   710   764   873   840   839   826   720   684   712   716
243 192     9817   727   710   720   825   781   777   814   733   801   723   719   721   676   709   765   874   842   838   824   718   684   711   713
247 192    13837   728   711   723   824   780   777   815   733   800   723   716   719   678   709   763   874   840   838   824   717   684   710   711
251 192    10440   726   710   720   826   780   777   814   733   799   722   716   720   677   711   765   873   842   837   825   719   684   710   713
255 192     7822   727   711   721   827   781   777   814   731   797   722   719   721   678   709   764   874   840   838   826   720   684   711   715
175 196    12527   726   709   722   825   780   777   814   732   798   723   719   719   678   710   765   874   842   836   827   718   684   712   712
179 196    10122   726   711   722   826   781   777   812   733   798   721   719   721   678   710   764   875   842   837   826   720   683   712   714
183 196    11787   727   710   722   826   781   777   814   733   799   723   718   721   675   710   765   874   842   836   826   720   682   712   714
187 196    12008   727   711   722   823   780   777   811   733   798   723   719   719   679   709   765   874   842   838   827   715   684   712   711
191 196     8823   726   709   721   825   780   777   812   733   799   721   719   721   677   709   765   874   841   839   827   717   683   712   715
195 196    10503   727   711   720   826   780   775   815   733   800   723   719   720   678   709   764   873   842   838   825   721   684   711   715
199 196    11211   726   711   722   827   780   777   816   733   798   723   719   720   678   710   762   874   840   839   826   716   686   713   714
203 196     9965   727   711   722   826   780   777   813   733   799   722   719   721   678   710   765   874   843   838   826   714   682   712   709
207 196    13096   728   710   722   824   781   777   813   733   799   721   719   721   677   710   763   874   843   839   827   719   685   712   711
211 196    13098   727   711   721   826   780   775   815   734   799   723   718   720   678   709   765   874   840   839   827   718   684   712   714
215 196    11615   727   711   720   827   780   773   814   732   799   723   718   721   678   708   765   874   842   839   825   719   685   711   715
219 196    12616   727   709   722   828   780   777   815   733   799   724   719   719   677   709   762   874   842   838   826   715   685   712   711
223 196    10736   724   711   722   824   780   777   812   733   799   723   719   720   679   710   762   874   839   838   826   715   684   713   712
227 196    12989   726   711   721   827   780   775   814   733   799   722   719   721   678   712   765   874   844   838   826   720   684   707   717
231 196    13187   728   711   723   826   780   776   814   732   799   724   718   721   677   710   765   875   842   838   824   719   684   711   713
235 196    11119   727   711   722   825   779   778   812   733   800   724   719   720   679   709   763   874   843   838   826   716   683   713   712
239 196     9931   727   708   723   826   777   778   814   732   799   722   719   721   677   710   765   873   843   838   827   719   681   713   713
243 196     9053   727   710   722   825   780   775   813   733   798   723   719   720   678   708   765   875   840   838   827   719   684   712   715
247 196    12962   726   711   722   827   780   777   813   733   799   724   719   719   677   710   762   874   842   837   827   715   683   712   713
251 196     9712   724   710   720   826   780   775   813   733   799   723   719   720   678   711   765   874   842   838   826   717   684   709   713
255 196     7300   725   710   722   825   780   777   814   734   799   722   719   719   677   709   763   875   840   837   827   720   684   712   714
175 200    11238   727   709   722   824   780   777   812   733   799   722   719   719   678   711   764   874   843   838   827   717   682   712   710
179 200    11972   726   709   721   824   781   777   814   733   799   722   718   720   679   710   764   874   842   838   827   718   683   712   714
183 200    12400   728   711   722   826   779   777   812   732   799   723   719   721   676   709   765   874   842   840   826   720   684   711   714
187 200    10175   728   710   724   826   780   777   813   731   800   723   717   719   678   710   763   873   839   838   826   716   684   711   713
191 200     9980   728   712   721   826   779   778   812   732   799   721   719   721   679   709   765   875   843   839   826   715   686   713   712
195 200    10931   727   711   722   826   779   776   813   733   798   723   719   721   678   711   765   872   841   838   825   718   684   712   713
199 200     9253   726   710   723   826   779   776   814   733   799   723   719   720   677   710   762   874   842   837   825   720   684   712   715
203 200    11411   728   710   722   826   778   775   815   732   798   721   719   720   677   708   764   874   841   839   827   717   684   713   711
207 200    11805   727   711   721   827   779   776   814   733   800   722   719   721   677   709   764   875   842   836   828   716   686   711   711
211 200     8277   725   710   722   825   780   776   815   732   799   724   719   720   678   712   763   873   841   838   825   720   685   710   716
215 200    13665   726   710   722   825   778   777   815   733   798   723   718   721   678   710   763   875   842   839   825   720   684   712   715
219 200     9217   727   710   721   824   780   777   813   733   798   723   718   721   677   709   764   873   843   839   825   717   684   711   711
223 200    10738   726   710   722   825   781   777   814   734   799   722   718   721   676   710   764   874   843   838   827   715   682   712   712
227 200    10734   726   710   722   827   777   778   814   733   799   722   720   720   677   709   765   874   840   838   826   720   685   713   716
231 200    14336   728   711   720   825   780   777   812   733   798   723   719   721   678   709   766   874   843   837   826   716   684   711   711
235 200    11520   727   709   722   826   778   775   814   732   799   722   719   720   676   709   765   875   841   838   825   717   683   711   711
239 200     9354   727   710   722   826   778   778   815   733   799   722   718   719   678   710   764   874   844   839   828   719   684   713   714
243 200     9023   727   710   721   826   780   777   814   734   799   722   716   721   679   708   764   874   842   838   825   718   685   713   714
247 200    10169   726   711   723   826   780   775   811   733   799   723   718   717   678   710   764   874   842   839   825   717   684   712   711
251 200    11483   727   711   722   827   780   776   814   734   799   724   719   721   678   709   765   874   842   837   827   716   685   712   709
255 200    12511   728   711   722   825   780   776   814   733   798   723   719   721   678   710   763   873   840   839   825   718   684   713   713
175 204    10580   727   708   722   824   778   777   813   733   799   723   719   721   677   710   764   874   842   839   825   717   682   713   711
179 204    13101   728   710   723   826   779   778   814   733   799   722   717   720   678   708   764   872   842   838   824   716   683   710   711
183 204    12070   727   711   723   827   780   777   815   732   798   722   719   719   678   710   765   874   840   838   826   719   684   712   715
187 204    10576   725   710   723   826   780   775   814   732   799   724   717   721   678   711   765   873   841   838   825   718   684   710   713
191 204     8716   725   711   722   827   780   775   814   733   798   723   719   719   678   710   764   874   839   838   826   716   684   712   713
195 204    14006   727   712   721   826   780   777   815   733   798   722   717   721   677   710   764   873   842   839   826   719   684   711   715
199 204    11598   727   711   720   827   779   779   814   732   799   723   716   721   678   708   764   874   842   838   827   720   684   712   714
203 204    11965   727   708   723   826   778   777   814   733   799   723   719   721   677   710   765   874   842   839   827   716   683   712   710
207 204    10246   726   711   721   825   780   773   814   733   798   723   720   721   678   709   764   875   844   837   824   720   684   711   713
211 204    10601   724   711   722   826   780   778   814   733   802   722   718   721   678   707   765   875   839   839   826   720   685   712   715
215 204    14570   728   711   722   824   780   777   812   733   799   724   719   719   679   710   766   875   842   836   826   718   683   713   711
219 204    10671   727   711   722   827   780   778   814   733   798   723   717   720   678   706   764   874   840   838   826   716   685   712   711
223 204    12021   727   710   722   826   778   776   814   734   800   722   719   720   675   710   764   874   842   837   827   720   683   712   715
227 204    10335   727   711   720   826   779   776   814   731   799   723   717   721   679   705   765   874   842   838   825   718   684   710   714
231 204    12924   728   711   720   826   780   774   814   731   800   722   717   720   678   710   764   873   842   839   824   716   684   710   710
235 204    11690   727   710   721   826   779   778   814   731   799   723   718   721   678   709   765   873   842   839   823   719   684   711   714
239 204     9280   727   710   720   826   780   776   814   733   799   723   718   721   678   708   765   874   841   838   826   719   684   711   715
243 204    13884   727   710   722   827   778   777   814   731   799   722   719   721   676   710   765   874   842   839   825   716   684   711   710
247 204    11097   727   710   720   826   780   775   814   733   799   723   717   720   677   710   765   873   842   839   825   716   685   710   711
251 204     8521   723   711   723   823   779   777   811   733   798   723   720   720   678   710   763   874   841   837   826   720   684   712   716
255 204     8649   727   708   722   826   779   777   814   732   799   724   719   721   678   710   765   875   843   836   826   719   681   712   714
175 208    12600   727   712   721   826   777   777   813   731   799   721   719   721   676   709   765   874   842   839   826   720   685   712   715
179 208    10890   726   711   722   824   780   778   813   732   798   723   719   720   678   710   762   874   841   838   826   716   683   713   714
183 208     7329   726   711   721   826   778   777   814   731   799   721   718   721   674   709   765   874   842   837   827   716   682   712   710
187 208    11357   727   711   722   824   780   777   814   733   799   721   720   721   676   709   764   875   842   837   827   718   683   712   713
191 208     9644   727   710   721   826   778   778   814   732   799   722   717   720   676   710   765   873   842   838   828   720   685   712   715
195 208    13165   728   710   722   826   780   777   811   733   797   721   719   719   678   709   764   874   842   839   826   717   684   712   713
199 208    11290   727   707   723   826   778   778   815   734   800   721   718   721   678   710   764   874   842   838   826   718   683   712   712
203 208    10008   725   711   722   825   780   776   813   733   798   723   720   718   677   710   764   873   840   838   825   721   684   711   718
207 208    10181   726   711   722   825   780   776   814   730   800   722   717   721   678   707   764   874   843   838   825   717   684   710   712
211 208    14897   728   711   722   826   780   776   814   732   799   723   719   721   678   708   765   874   842   838   827   717   685   710   712
215 208    10756   725   711   723   827   780   777   815   732   798   723   717   718   678   707   764   874   841   838   824   720   684   710   713
219 208    14122   726   711   723   826   780   778   815   732   799   723   717   721   677   708   764   874   842   838   825   721   684   710   715
223 208    12315   727   709   723   827   778   777   814   732   799   721   720   718   676   710   763   875   842   839   826   717   685   712   711
227 208    11619   727   711   722   825   779   777   815   733   799   723   718   719   678   708   764   874   843   839   825   714   685   711   710
231 208    10190   727   710   723   827   777   778   814   733   800   722   719   720   677   709   763   873   842   838   826   719   683   712   715
235 208    14165   728   711   720   824   780   775   812   733   799   724   719   719   678   708   765   874   843   839   827   720   684   712   716
239 208    16258   729   712   723   826   780   777   813   732   799   722   719   721   677   710   764   875   842   838   825   716   684   711   712
243 208     9812   726   710   721   825   779   777   814   732   798   723   719   720   678   711   765   872   841   839   826   716   684   710   711
247 208     9996   726   710   723   825   780   777   814   732   799   723   720   720   678   710   765   874   843   838   825   720   685   712   714
251 208     9156   726   710   722   825   779   776   813   731   798   723   720   719   678   710   766   873   841   839   825   721   685   712   716
255 208    10623   727   711   723   825   780   777   814   733   799   723   719   719   678   709   764   872   842   838   826   716   685   712   710
175 212     9902   727   711   723   825   780   776   814   733   799   724   717   721   679   708   764   874   842   838   825   718   685   711   711
179 212    11639   727   711   721   825   781   777   813   734   799   722   717   720   678   708   763   875   844   839   827   715   684   711   712
183 212    11739   726   711   722   826   781   778   813   733   799   722   719   720   676   710   764   875   841   838   826   720   685   712   716
187 212     6866   725   711   722   824   780   777   813   733   799   724   718   722   678   710   763   873   843   839   824   717   684   712   715
191 212     9085   728   709   720   825   780   777   814   733   799   723   718   721   679   709   764   874   842   838   825   716   681   712   710
195 212     9700   725   710   722   824   780   777   814   733   798   723   718   723   677   710   764   875   842   837   827   718   684   712   717
199 212    11882   727   710   723   827   780   777   814   732   799   723   719   721   678   709   764   873   843   839   827   720   684   711   713
203 212    12659   726   710   722   824   777   777   814   732   796   723   720   720   678   710   765   875   843   838   825   717   684   712   709
207 212    12624   727   709   722   826   778   777   813   732   798   723   720   720   676   710   765   875   842   838   827   719   684   712   715
211 212    12484   727   709   722   825   779   776   815   733   800   721   719   720   677   710   765   875   841   839   826   720   683   712   715
215 212    13221   727   711   723   826   780   775   814   732   799   723   717   720   678   709   763   874   843   839   826   715   685   711   711
219 212    13039   728   711   723   826   779   777   814   733   798   721   719   721   676   710   765   875   844   838   826   718   684   713   713
223 212    12050   727   708   721   826   780   776   814   733   799   723   719   720   677   710   764   873   842   838   825   720   683   710   716
227 212    14019   727   710   721   825   780   777   814   733   800   723   720   718   678   711   763   874   840   840   825   717   685   712   710
231 212    13609   728   709   723   825   779   777   814   733   798   723   719   721   678   710   765   875   842   838   826   716   682   711   711
235 212    11191   726   711   722   826   779   777   814   733   800   721   717   721   676   707   765   875   843   838   827   720   685   713   716
239 212    11475   728   708   722   826   778   778   813   733   798   721   719   720   676   710   763   875   841   839   826   715   684   712   712
243 212    10361   727   709   722   825   778   778   814   732   799   723   720   719   678   710   764   874   843   837   827   716   682   712   712
247 212     9600   726   711   722   826   779   777   814   733   799   723   720   720   678   709   764   874   842   838   825   720   685   712   716
251 212    13584   728   708   720   826   778   777   814   732   799   721   718   722   678   711   764   873   843   838   825   719   682   711   712
255 212     9233   727   710   722   827   780   777   813   732   798   724   720   720   678   710   764   875   843   836   826   716   685   712   711
175 216    12260   726   711   722   826   777   778   814   733   798   720   719   720   677   710   764   875   842   837   827   714   685   712   710
179 216     9596   726   711   722   824   780   776   813   733   798   724   718   721   678   711   764   875   843   838   826   720   684   712   714
183 216    10144   727   710   720   826   779   777   814   734   798   724   719   721   678   710   764   873   840   838   827   717   684   712   711
187 216     7898   726   710   723   826   780   778   814   734   797   723   716   720   678   709   765   874   841   838   826   717   684   712   711
191 216    12903   725   711   721   825   780   775   814   733   799   724   719   719   678   709   764   874   842   839   826   719   684   712   718
195 216     9153   726   710   721   826   780   777   814   732   799   723   717   721   678   709   765   874   843   839   825   719   685   712   712
199 216     9368   727   710   721   826   781   774   814   731   799   722   720   720   677   708   764   874   842   839   826   716   685   711   710
203 216    10872   726   710   719   825   780   776   814   733   798   723   718   720   678   709   764   874   842   838   826   719   685   712   716
207 216    10452   727   710   722   826   780   777   812   733   800   723   719   720   677   710   762   875   842   836   827   719   684   712   715
211 216    11098   726   710   722   826   780   776   815   733   800   723   719   719   678   709   763   874   840   838   826   715   685   712   709
215 216    12076   726   710   721   826   780   779   814   733   800   723   720   721   678   707   765   874   842   839   825   718   684   710   715
219 216    14351   726   711   722   826   780   777   814   733   799   723   719   719   678   710   763   874   842   838   826   720   684   712   715
223 216    13981   723   711   723   825   780   776   814   733   798   723   719   720   678   708   765   875   841   839   828   715   685   712   710
227 216    11256   727   710   719   825   779   778   814   733   800   723   719   720   678   710   764   874   842   838   824   718   684   712   713
231 216    13746   727   710   722   826   780   776   816   733   799   724   719   719   678   709   763   874   840   838   827   721   685   712   715
235 216    11162   728   707   722   826   779   777   815   733   799   722   719   720   678   710   764   875   843   836   826   717   682   712   710
239 216    12734   728   712   722   826   780   776   814   731   799   723   718   720   677   710   764   873   843   839   824   716   684   708   710
243 216    11706   726   710   721   826   779   777   814   733   796   723   719   720   678   707   763   875   841   839   826   719   685   710   715
247 216    11116   726   711   722   828   780   776   814   732   799   723   718   720   677   706   764   874   841   838   826   719   684   712   715
251 216    11248   727   711   722   826   780   775   814   732   800   723   715   721   678   707   765   874   843   838   826   716   685   711   709
255 216    12043   727   710   721   827   780   777   814   730   800   722   720   721   676   711   764   874   843   838   826   719   683   711   716
175 220     5227   724   710   722   826   781   777   813   733   800   723   719   717   677   710   762   874   842   839   826   719   685   713   712
179 220    10118   727   711   721   826   780   774   814   732   800   723   717   721   677   709   764   874   842   839   824   720   685   711   714
183 220    10436   727   711   721   826   780   773   814   732   799   723   719   719   678   707   765   875   841   838   827   716   684   712   709
187 220    10486   726   710   722   828   780   777   813   733   798   722   720   718   678   710   763   874   842   838   826   717   684   712   716
191 220     9438   727   711   721   826   780   776   815   730   799   722   718   720   678   708   765   873   843   838   825   718   685   710   716
195 220     9503   727   710   722   824   781   778   813   733   799   723   719   720   678   709   763   874   843   839   827   716   683   712   709
199 220    11120   725   711   723   822   780   777   811   733   796   723   720   717   678   710   764   874   842   839   827   719   684   713   715
203 220    11028   726   711   723   826   777   777   814   731   799   722   719   721   675   711   764   874   842   838   827   718   684   710   714
207 220    10266   727   709   723   826   780   777   813   733   798   725   720   719   677   710   765   874   842   835   827   715   685   712   711
211 220    13629   728   708   722   826   779   778   814   733   799   720   720   720   677   710   765   875   842   836   826   720   683   712   715
215 220    12885   727   708   722   826   777   778   814   734   799   723   720   720   676   710   764   875   842   839   827   719   682   711   715
219 220     9885   727   711   721   826   777   776   814   733   799   724   718   721   675   710   765   874   842   838   827   717   684   712   711
223 220    13508   727   707   721   826   782   778   815   732   799   723   719   720   675   710   764   874   843   837   827   720   682   712   715
227 220    12611   727   710   722   826   778   777   814   729   800   723   718   721   678   710   764   872   842   838   827   718   685   712   713
231 220    12555   728   711   720   826   780   776   814   733   799   723   720   721   678   710   765   874   843   839   825   716   685   710   711
235 220    10699   727   710   721   826   778   777   814   734   799   723   719   721   676   709   764   872   842   838   827   718   684   712   715
239 220    12994   728   711   722   827   781   776   813   733   799   722   720   721   678   709   764   874   841   838   826   720   684   713   715
243 220    10766   727   711   722   824   779   777   813   733   799   722   719   722   678   710   764   874   842   836   826   715   684   713   711
247 220    10213   727   706   722   826   778   777   814   732   799   720   719   720   677   710   764   875   842   839   827   719   685   712   714
251 220     8841   726   711   722   826   780   776   814   731   800   722   717   720   677   709   765   872   843   839   824   717   684   710   710
255 220    10356   727   709   722   824   779   777   813   733   799   722   720   720   677   710   764   875   843   839   826   718   684   713   714
175 224    10285   727   710   722   826   779   777   815   732   799   720   718   720   676   710   765   872   843   837   827   715   683   711   709
179 224    10726   726   710   722   825   780   777   813   734   799   723   720   719   676   710   763   875   843   838   827   719   684   712   716
183 224    15133   728   711   722   826   780   777   815   730   798   722   718   720   676   709   765   872   842   838   827   718   684   710   712
187 224     9445   725   712   722   827   780   778   815   733   799   722   719   718   678   710   763   875   840   839   826   715   685   712   710
191 224    11262   724   711   721   824   780   776   813   733   798   723   718   720   679   711   765   874   844   839   826   720   684   712   716
195 224    11297   727   711   721   825   780   775   814   733   799   724   717   719   678   709   764   874   841   838   827   718   684   710   712
199 224    11082   725   710   722   825   780   778   815   733   797   724   719   719   678   709   763   875   842   839   826   718   685   712   709
203 224    12915   728   711   722   826   781   778   815   731   799   721   719   720   674   709   765   873   843   837   826   719   684   711   716
207 224    10077   726   710   722   823   779   776   814   733   796   724   719   720   678   710   764   874   842   837   825   719   684   712   712
211 224     7632   726   710   722   827   779   777   814   733   799   724   719   718   678   710   762   874   842   838   827   717   682   713   710
215 224    12827   724   711   723   824   780   777   813   733   801   722   719   719   678   709   764   874   840   839   827   722   684   713   714
219 224    12084   728   709   722   826   778   778   814   732   799   725   720   721   678   710   765   874   842   837   825   716   683   712   710
223 224    13647   729   710   722   826   780   777   813   733   797   721   720   718   678   710   765   874   844   838   826   717   682   711   714
227 224    11531   727   711   724   826   779   778   814   735   798   723   717   721   678   709   764   875   842   839   826   718   685   712   713
231 224    12963   726   711   722   823   780   777   814   733   801   723   719   721   678   710   765   874   841   839   825   717   684   711   711
235 224    10569   726   711   722   825   781   778   812   733   797   724   719   718   675   709   766   874   843   837   827   721   684   713   714
239 224    13895   728   712   721   826   779   776   814   732   799   722   719   720   678   711   765   872   842   839   828   716   684   708   711
243 224     9135   728   709   721   826   780   775   814   733   799   724   719   718   678   708   762   874   842   839   826   718   685   712   714
247 224     9657   725   711   721   826   781   777   814   733   800   724   719   719   679   711   764   875   843   839   827   720   684   711   715
251 224    12038   728   711   722   825   779   777   813   733   797   722   720   718   678   709   764   875   842   840   826   721   684   712   712
255 224    10738   726   711   721   823   780   777   815   733   800   723   716   718   678   707   763   874   843   838   825   717   684   711   711
175 228    10241   725   710   722   824   781   777   814   732   798   724   720   719   676   710   764   874   841   837   827   718   683   712   711
179 228    10830   726   710   722   825   779   778   813   733   799   722   719   720   678   710   765   875   842   837   827   716   683   713   710
183 228     8244   726   711   720   826   780   776   814   733   798   723   719   719   678   709   765   873   843   839   826   719   684   712   716
187 228    10269   727   709   720   826   779   776   814   733   799   723   719   721   678   710   765   873   842   837   825   716   683   710   710
191 228     8829   727   711   723   825   778   777   814   733   797   721   719   720   676   709   765   874   844   839   827   718   682   713   713
195 228    12447   728   710   722   825   778   777   813   732   799   724   718   721   679   710   765   874   842   837   826   719   684   713   714
199 228    10529   726   710   721   825   780   775   813   733   798   724   721   720   677   710   763   874   842   838   824   716   685   711   711
203 228    10110   727   710   722   828   778   777   814   733   802   724   718   719   678   710   765   874   841   839   827   719   683   712   713
207 228    13341   727   711   722   825   781   776   815   733   799   723   719   721   677   710   762   874   843   838   827   719   683   711   715
211 228    11672   727   710   723   827   780   775   814   734   800   722   719   721   678   709   765   874   842   838   826   716   684   712   710
215 228    11892   725   711   722   827   780   777   814   733   798   722   719   722   678   709   764   874   842   838   827   718   684   712   714
219 228    14853   729   711   722   826   780   777   814   731   797   723   717   719   678   709   763   873   841   839   825   719   684   710   714
223 228    11901   727   709   721   826   778   775   814   733   799   725   720   720   678   710   765   875   842   836   826   715   683   712   710
227 228    11619   725   709   723   826   778   778   814   733   799   721   719   718   679   709   765   875   845   837   826   718   683   712   713
231 228    11231   727   711   722   826   779   778   813   731   799   723   719   719   678   710   764   873   842   838   826   719   685   713   715
235 228    11009   727   711   722   825   780   777   815   733   799   723   718   720   678   708   764   874   842   839   824   716   685   711   709
239 228    13505   728   711   720   824   780   778   813   734   799   723   718   720   678   709   763   874   842   838   825   719   684   711   718
243 228    11212   728   711   722   827   780   776   814   733   799   721   719   721   677   708   765   875   843   837   826   720   684   712   714
247 228     9711   727   710   721   827   779   777   813   734   799   723   719   720   678   709   763   874   842   838   826   715   683   713   711
251 228     7915   725   711   723   826   779   778   813   733   800   724   720   720   678   709   765   874   841   838   826   719   683   712   714
255 228    11518   727   708   722   826   780   776   814   733   798   723   719   720   678   708   764   874   842   838   826   717   682   712   714
175 232     7277   727   711   722   826   781   778   812   733   799   722   721   720   677   710   764   874   843   839   825   721   684   713   716
179 232    13126   727   711   721   824   781   778   813   733   799   723   721   721   679   710   765   875   843   838   825   716   684   712   710
183 232     9320   726   711   722   826   780   777   814   733   800   726   718   719   678   708   764   874   842   837   827   719   684   711   715
187 232    10396   726   711   721   824   780   778   812   733   799   723   718   721   679   711   764   873   843   839   827   720   683   712   713
191 232     9953   727   709   720   826   779   776   814   733   799   721   718   721   677   710   765   875   842   837   826   715   682   711   710
195 232    12029   727   711   721   825   779   776   814   733   798   723   720   720   677   711   764   875   843   839   826   719   684   712   714
199 232    12560   727   711   721   824   779   777   813   733   800   723   719   721   678   710   763   874   842   839   825   718   685   712   713
203 232    11108   727   711   722   824   778   777   813   733   799   722   719   720   678   710   764   874   842   839   827   716   683   711   711
207 232    15141   729   711   722   827   781   778   814   733   799   722   720   721   676   707   765   874   844   837   826   719   684   711   714
211 232    10527   726   712   723   825   779   775   815   733   800   723   720   720   679   708   765   874   841   837   827   715   682   711   712
215 232    13614   727   709   721   827   780   777   815   733   799   723   719   720   679   710   764   874   842   837   826   720   681   712   715
219 232    13807   728   711   721   826   780   775   814   733   799   723   719   720   678   707   765   874   843   837   825   718   684   712   712
223 232    13744   727   710   721   826   780   776   814   732   800   723   718   720   678   708   764   873   843   837   826   717   684   712   711
227 232    11478   727   710   722   826   781   776   815   732   801   721   720   720   677   711   765   874   840   837   826   719   684   713   715
231 232    11369   727   709   723   827   780   777   814   733   800   722   720   720   676   709   763   876   843   838   826   718   683   712   713
235 232    10519   726   710   722   826   779   777   815   732   798   723   720   718   675   710   765   872   842   839   826   716   685   712   710
239 232    11854   726   709   722   826   780   775   814   732   800   722   720   720   677   709   764   874   842   838   826   720   683   712   715
243 232    13368   727   712   721   826   779   778   813   733   799   722   719   721   678   708   764   875   843   837   824   718   684   709   713
247 232    13523   727   711   722   824   780   777   813   734   799   724   719   720   678   709   766   874   842   839   825   716   685   711   710
251 232    13083   727   709   722   826   780   776   813   734   799   722   717   721   679   709   765   874   842   839   826   720   683   712   714
255 232    11128   727   710   721   826   780   778   813   732   799   723   720   720   678   708   764   874   843   839   824   719   684   711   713
175 236    10523   726   711   721   825   779   777   813   732   799   722   718   719   678   711   766   876   843   839   825   720   684   710   714
179 236    12744   726   711   722   826   779   777   814   734   799   722   719   719   676   711   765   874   841   838   827   715   683   711   712
183 236     8416   726   710   723   826   781   776   812   735   799   723   719   721   678   710   764   873   841   840   824   715   685   712   712
187 236     9775   728   711   722   825   779   777   814   734   798   723   719   719   678   710   764   875   841   839   826   720   685   712   716
191 236    10743   726   712   721   826   780   777   814   733   798   722   719   721   678   710   763   874   841   839   826   716   685   712   712
195 236     8653   727   709   722   825   779   778   814   732   799   723   720   721   678   710   764   874   841   838   826   715   684   713   713
199 236    11953   727   711   722   825   778   777   814   733   797   721   720   721   677   710   764   873   842   839   826   722   684   712   716
203 236    10083   726   711   722   828   780   777   813   733   797   723   718   720   678   709   763   875   843   838   826   715   684   713   709
207 236    11122   727   710   720   826   779   776   814   732   799   720   719   721   677   710   764   874   841   838   825   717   683   710   714
211 236    11180   727   709   721   826   779   776   814   733   799   722   720   721   679   709   765   874   843   838   826   720   682   712   715
215 236    10859   725   709   722   825   779   778   815   732   799   723   719   720   680   709   763   873   842   838   826   717   683   712   713
219 236    11989   728   710   722   826   780   777   814   734   797   722   720   720   674   710   764   875   841   839   826   715   684   712   711
223 236     9027   726   711   722   825   780   777   816   732   798   723   720   718   678   710   763   874   844   838   825   717   684   711   713
227 236    12498   727   712   722   826   780   777   815   733   799   723   718   720   677   709   764   874   843   838   826   719   684   711   715
231 236    13172   727   710   723   827   779   776   814   733   798   722   720   720   677   709   764   875   844   838   826   715   684   712   711
235 236    12816   727   710   722   827   779   777   814   733   799   723   719   720   678   709   765   875   840   838   826   719   682   712   714
239 236    13575   728   710   722   827   780   776   814   733   800   722   718   721   677   708   765   875   842   837   825   719   684   710   714
243 236    13200   728   710   721   827   780   778   815   733   799   721   719   720   677   709   765   874   842   837   826   715   682   710   711
247 236     9982   728   711   722   825   779   778   814   731   798   723   720   718   678   710   763   873   842   838   825   722   684   713   717
251 236    10572   727   711   721   826   780   776   813   733   799   723   718   720   678   710   764   873   842   839   824   717   684   710   714
255 236     8848   727   710   721   825   781   775   813   733   799   723   718   721   677   709   765   874   843   838   826   717   685   712   713
175 240    10593   728   709   722   825   782   778   813   733   800   722   719   721   676   709   764   874   840   840   826   716   683   712   710
179 240    10901   725   710   723   824   779   776   813   734   798   723   719   721   678   710   765   873   841   839   826   720   684   713   714
183 240    10495   727   711   722   826   780   778   814   731   800   724   720   718   678   711   763   873   842   838   824   718   684   710   711
187 240    12601   729   709   722   825   781   777   814   732   797   723   719   718   677   710   766   873   841   839   825   719   683   713   713
191 240    11568   728   711   723   826   780   778   813   733   799   722   716   721   678   709   766   874   842   840   828   719   684   712   714
195 240    13245   727   710   722   827   780   777   813   733   799   725   719   720   676   710   766   875   841   837   826   715   682   712   709
199 240    11456   725   711   722   824   779   778   815   733   797   723   718   719   678   710   764   873   843   839   826   720   684   712   715
203 240    12992   728   710   723   826   780   774   814   734   800   723   719   720   679   710   765   873   841   837   826   719   682   712   715
207 240     9788   724   710   722   827   780   777   815   731   799   723   719   720   678   711   763   872   842   839   826   717   684   713   711
211 240    11421   728   711   721   825   780   778   814   734   798   723   720   720   677   711   766   874   842   838   827   719   684   712   713
215 240    13286   727   709   722   827   781   777   815   733   799   721   718   720   679   709   765   874   842   838   827   717   684   711   712
219 240    13753   725   710   722   823   779   777   813   733   799   722   719   721   678   710   762   875   842   838   826   717   684   712   712
223 240    13988   728   710   723   826   782   776   814   733   799   720   719   720   675   708   765   874   841   839   826   720   685   712   716
227 240    12283   728   710   720   826   780   778   813   733   800   723   720   721   677   707   765   875   844   838   826   717   684   713   711
231 240    16810   728   711   722   824   779   778   816   731   798   723   719   720   675   709   762   872   842   839   827   718   685   712   717
235 240    12963   727   711   720   825   779   776   813   732   799   723   718   721   678   709   763   874   842   838   826   719   685   712   714
239 240    11530   728   710   722   827   780   777   815   731   798   723   717   718   678   711   762   875   842   838   826   716   685   712   709
243 240     9700   726   710   722   826   778   776   814   733   800   722   719   721   677   708   765   874   844   840   827   722   685   712   716
247 240    12573   728   708   721   825   778   776   814   734   798   723   719   721   679   709   764   874   841   837   827   715   682   713   713
251 240     7841   725   710   722   827   778   777   814   732   800   723   718   719   677   709   765   873   841   838   825   717   684   711   714
255 240    11894   727   710   723   824   780   777   813   733   799   722   718   720   678   710   764   873   842   839   826   720   685   711   715
175 244     7828   726   710   721   826   779   777   814   733   799   723   717   721   679   708   764   874   843   839   826   720   685   712   716
179 244     7849   727   710   722   827   780   776   814   731   797   723   719   719   678   710   765   874   844   838   827   717   684   711   709
183 244     7703   727   711   722   824   779   777   814   733   799   721   720   719   676   710   763   875   842   839   826   718   688   712   715
187 244    13802   728   711   721   825   779   776   814   733   799   723   718   720   678   709   763   875   842   838   826   717   685   713   712
191 244    12910   727   710   722   826   778   777   815   733   799   722   719   720   679   710   764   874   842   837   826   715   683   712   710
195 244    10364   727   711   721   826   780   777   812   733   799   724   719   720   677   708   767   874   842   838   826   719   684   712   715
199 244     9197   726   709   722   826   779   778   813   734   798   723   719   720   678   710   764   877   840   838   827   719   683   712   713
203 244     9852   728   708   724   827   780   776   814   733   798   722   717   720   680   710   765   875   842   836   827   716   682   711   712
207 244    11065   726   709   722   826   779   777   815   732   800   723   719   719   677   710   764   875   840   839   825   721   682   712   715
211 244    12353   727   709   722   826   781   777   813   733   801   724   719   721   679   710   764   874   843   836   826   716   684   710   712
215 244    16426   729   712   722   827   780   776   813   733   798   723   720   719   678   710   765   873   841   838   825   716   685   713   712
219 244    12880   728   710   720   826   780   776   813   733   800   725   719   721   678   710   765   874   842   837   824   720   683   711   715
223 244    10223   727   711   721   825   780   777   813   733   800   723   719   719   678   711   766   874   843   837   826   718   684   712   712
227 244    11506   727   710   721   826   779   776   814   733   799   722   720   721   677   708   765   874   842   838   824   717   684   710   712
231 244    10819   727   710   722   826   780   776   814   733   799   722   717   721   678   708   765   874   843   838   825   721   684   711   715
235 244    11618   728   710   723   826   779   778   814   732   799   722   718   721   678   707   765   874   843   838   825   717   683   713   712
239 244    14430   726   711   724   824   780   777   813   732   799   723   721   719   678   709   765   875   842   838   823   716   685   712   709
243 244    13798   729   710   722   826   780   777   813   732   799   724   718   721   678   710   764   872   842   839   825   719   684   715   715
247 244    11300   726   710   721   826   778   777   815   735   798   723   719   718   678   710   765   877   842   839   826   715   682   712   713
251 244     7526   727   709   722   827   780   779   814   733   798   722   719   720   677   707   766   873   843   837   827   718   685   712   711
255 244    10521   725   710   722   826   779   777   815   733   797   722   720   720   678   709   765   874   843   837   827   720   683   712   717
175 248    11846   727   710   721   824   780   777   812   732   799   723   717   720   678   710   764   876   842   839   826   717   684   713   714
179 248    11600   727   711   723   826   780   777   814   733   800   723   718   719   675   710   766   875   839   839   826   719   684   711   715
183 248    11091   724   711   722   826   780   778   813   732   798   723   718   719   678   709   764   877   842   838   827   715   684   712   711
187 248    10551   726   710   722   825   780   778   812   733   798   723   721   718   678   710   764   873   842   839   826   720   684   712   715
191 248    11655   725   711   723   825   780   778   813   732   798   723   719   723   678   709   764   873   843   838   826   714   684   712   711
195 248    10319   727   710   720   826   780   776   816   733   799   722   719   721   678   710   763   874   843   839   826   718   685   711   715
199 248    12747   726   710   722   827   779   778   814   731   799   723   719   719   677   709   765   875   841   839   827   717   683   712   712
203 248    10802   727   711   723   826   781   777   814   733   799   723   717   721   677   706   764   875   843   840   825   715   684   712   710
207 248    13440   727   711   720   827   781   777   814   731   799   723   718   721   678   709   764   872   842   838   828   720   684   712   714
211 248     9541   726   710   723   827   780   777   813   731   799   723   718   720   677   709   764   872   843   839   828   720   685   711   715
215 248    11836   727   710   722   825   781   777   813   732   799   723   720   718   678   709   764   874   843   839   826   715   684   712   709
219 248    14135   728   709   721   826   778   776   814   733   799   722   719   720   679   710   765   873   842   838   826   721   683   710   715
223 248    10990   727   710   721   826   781   778   813   733   798   723   717   721   678   707   764   874   842   839   825   717   684   712   711
227 248    12822   728   711   721   827   781   777   815   733   799   723   718   720   678   710   765   875   842   837   827   718   683   711   713
231 248    11836   729   710   722   827   779   777   814   733   796   723   719   718   677   710   765   875   843   839   826   720   683   712   715
235 248     9435   725   710   722   826   779   778   815   733   796   723   719   721   678   709   764   874   841   839   826   716   682   712   711
239 248    10901   727   710   720   826   779   778   813   731   800   723   718   720   679   710   763   874   843   838   826   719   686   712   714
243 248    11171   727   711   721   826   780   777   814   733   799   724   718   720   679   710   765   874   843   838   827   719   684   710   714
247 248    12150   726   709   722   826   779   777   815   733   798   722   720   720   677   709   764   873   843   838   826   717   683   712   710
251 248     9295   727   711   722   824   781   777   814   731   799   723   719   721   677   708   764   873   841   839   827   720   685   713   715
255 248    10380   727   710   722   826   779   776   814   732   797   722   720   719   677   710   764   875   843   837   826   721   683   712   716
175 252    10261   728   711   722   825   780   778   812   732   799   721   717   721   678   708   764   874   843   839   825   721   684   710   715
179 252    11758   727   710   721   824   780   777   813   733   799   724   717   720   678   711   764   874   842   838   826   716   684   711   712
183 252    11949   728   711   720   826   779   776   814   733   799   724   717   720   678   710   763   874   843   839   825   717   685   711   714
187 252    10723   727   709   721   826   780   777   814   733   799   724   720   721   676   709   765   875   842   837   825   720   683   711   715
191 252    11680   727   710   721   827   780   777   814   733   799   721   717   722   678   709   765   874   843   837   826   716   683   713   711
195 252    12588   727   712   722   826   778   776   814   733   798   722   720   720   675   708   765   873   842   838   826   718   683   713   713
199 252    10024   727   711   720   826   779   776   814   733   799   725   718   721   678   711   764   874   843   837   827   720   685   710   716
203 252    11560   727   709   721   826   780   776   814   733   800   722   720   721   676   710   765   875   842   838   826   716   681   711   711
207 252     8427   726   708   720   826   779   777   814   734   799   722   719   720   679   708   765   874   842   837   826   720   683   712   716
211 252    14190   728   711   722   826   780   777   813   733   799   723   719   722   678   709   763   875   842   838   825   715   684   712   711
215 252    12225   726   710   722   824   778   777   815   733   799   723   719   719   678   710   764   875   841   839   826   721   683   712   715
219 252    11445   726   710   722   825   780   778   814   732   799   723   720   721   678   711   764   873   841   839   825   717   684   711   712
223 252    10248   727   711   722   824   780   777   813   734   797   723   718   720   678   707   764   873   842   839   826   715   684   711   710
227 252    12439   728   711   721   826   780   777   813   732   800   723   718   721   678   711   763   873   842   837   827   720   684   713   714
231 252    13050   727   711   721   826   780   775   813   733   799   723   718   721   678   710   764   875   842   838   826   716   684   711   711
235 252    12438   728   709   721   826   779   779   814   733   799   721   719   720   679   708   764   874   843   838   825   721   683   712   715
239 252    11945   727   710   721   825   780   775   814   733   799   723   717   720   676   709   764   874   842   837   826   719   684   712   714
243 252    14613   727   711   723   826   778   776   815   732   799   723   720   721   676   710   764   874   844   838   827   716   684   712   709
247 252    11715   728   710   723   825   780   776   813   732   799   724   720   720   679   708   765   874   842   837   825   720   685   712   716
251 252     8782   726   710   722   825   779   777   813   732   799   722   719   721   678   710   763   874   843   838   825   717   685   713   713
255 252     9599   727   712   722   826   780   778   813   733   799   723   719   721   678   710   765   873   842   837   825   714   683   712   709
