! Map center:  169,210
129 170     9586   728   711   723   828   779   778   816   734   799   723   720   721   676   710   764   876   845   835   828   721   683   713   715
133 170     8354   726   712   723   828   781   779   816   732   802   723   717   722   677   711   764   874   843   839   827   716   685   709   710
137 170    11217   729   714   722   828   780   779   813   734   801   719   720   721   678   710   765   875   844   839   825   719   686   713   713
141 170    10951   729   713   724   826   781   778   813   736   799   723   720   719   679   710   767   877   842   840   828   721   684   713   717
145 170    11863   727   710   724   826   778   778   816   731   800   721   721   721   676   710   767   872   842   840   828   717   682   714   713
149 170     8696   727   709   721   828   782   774   814   734   800   724   720   721   679   712   765   876   844   838   825   717   685   709   710
153 170     9576   727   713   723   828   778   779   816   734   800   720   720   721   677   710   766   876   844   843   829   720   684   712   716
157 170     4743   726   709   722   828   779   779   815   732   799   724   719   720   676   711   765   873   843   840   827   721   684   714   716
161 170    10404   729   711   721   827   782   776   816   734   798   723   718   719   678   710   765   875   843   839   828   717   685   711   712
165 170    10666   728   708   724   827   782   777   816   733   799   724   719   721   678   711   766   874   844   836   829   717   683   711   713
169 170    10249   727   711   722   828   780   778   815   734   800   722   718   721   676   710   765   877   844   839   829   720   686   712   713
173 170     9584   726   712   724   827   782   780   814   732   798   724   721   721   678   710   765   874   846   840   829   720   683   714   717
177 170     9191   726   711   723   824   781   779   816   734   800   723   721   722   678   709   766   875   843   841   828   719   684   711   713
181 170    10513   725   710   723   827   780   777   811   734   801   725   720   719   680   710   766   876   843   839   828   716   684   713   712
185 170     9902   727   712   722   828   777   779   815   735   800   723   719   720   679   712   765   878   842   840   827   719   683   713   711
189 170     9213   726   710   723   826   782   776   819   734   800   724   718   722   679   712   762   876   844   840   828   721   685   710   717
193 170     7298   728   711   721   828   782   779   815   730   798   725   720   722   678   709   767   872   843   840   826   720   681   713   715
197 170     9197   728   712   723   826   782   777   815   732   799   724   720   720   679   709   767   873   843   839   826   716   685   712   710
201 170    11845   726   712   721   826   782   777   812   734   801   724   720   718   679   710   764   875   841   839   828   718   685   712   713
205 170     8485   728   711   722   828   782   778   816   734   800   725   719   721   675   707   766   876   844   838   825   720   685   712   716
209 170     9453   728   712   721   830   779   779   814   734   800   724   721   718   676   710   766   874   844   839   826   719   685   713   718
129 174     9171   728   712   724   828   779   778   816   733   800   721   716   721   678   711   763   876   844   841   828   716   685   713   711
133 174    11635   727   711   723   827   782   780   816   734   797   725   719   720   679   707   761   877   844   839   828   718   685   715   712
137 174     7294   727   711   726   824   781   778   816   733   799   725   719   722   678   710   765   876   844   838   828   720   685   711   713
141 174     7788   725   711   724   828   779   778   816   734   800   724   718   718   678   711   763   875   844   840   828   719   683   711   715
145 174     8118   726   712   724   826   779   779   815   732   801   721   720   722   677   712   768   876   842   839   828   714   681   713   711
149 174    11228   727   708   724   828   780   778   816   733   799   724   719   719   678   709   763   875   844   840   828   719   684   713   715
153 174    11599   729   710   720   828   781   777   814   734   801   722   720   721   679   708   766   876   843   838   828   721   683   711   716
157 174     9656   728   709   723   828   780   775   816   734   801   723   718   721   680   710   765   876   843   839   827   719   682   713   713
161 174     7170   727   711   720   828   782   778   816   734   799   724   720   722   676   708   763   876   845   839   828   717   684   712   709
165 174    13710   729   713   721   825   781   779   815   734   800   723   720   719   678   711   764   876   844   841   827   719   683   713   714
169 174    10215   725   709   724   829   781   778   816   734   800   724   720   719   677   711   765   876   842   838   828   720   684   714   717
173 174    10473   728   714   721   827   780   780   815   733   801   721   721   722   678   707   765   875   844   840   824   718   685   714   713
177 174    10389   728   711   720   828   782   778   815   734   800   723   720   722   677   707   764   876   843   840   827   716   684   712   711
181 174    10874   728   707   724   829   781   775   816   733   797   721   720   721   676   711   766   875   844   839   828   721   684   714   716
185 174     8677   728   711   723   828   780   777   815   734   802   722   720   720   677   712   766   876   842   841   827   721   682   712   717
189 174     6346   725   710   722   828   780   778   817   733   800   724   720   719   681   708   765   875   840   841   827   718   683   713   714
193 174    10212   726   711   724   827   778   778   818   734   800   724   719   720   678   712   763   876   842   840   828   716   685   709   711
197 174     7411   728   711   723   829   778   780   816   734   800   721   721   722   677   708   765   876   842   840   830   716   684   713   714
201 174     8339   727   711   723   828   781   779   815   733   800   722   719   722   678   712   764   874   842   841   828   721   683   711   716
205 174    13144   725   709   724   827   778   779   818   734   802   724   720   721   679   711   763   876   841   837   828   716   682   713   713
209 174     9732   729   711   725   828   782   777   817   734   798   724   718   722   680   712   764   876   845   839   828   717   685   708   711
129 178    11462   727   713   720   828   781   778   817   734   797   724   720   720   679   709   766   876   843   842   826   720   685   711   715
133 178     8291   726   710   723   826   781   778   817   732   800   724   718   721   677   711   763   874   845   840   828   715   685   711   712
137 178     9338   728   710   721   827   781   779   816   733   798   722   721   718   678   709   767   873   843   841   827   719   682   714   714
141 178     9052   726   712   722   826   782   778   818   733   801   724   720   722   678   707   764   876   844   840   824   721   685   713   716
145 178    10601   729   714   725   826   780   777   817   732   800   722   718   721   679   711   765   875   844   840   828   718   684   712   716
149 178    11725   728   708   724   828   780   778   814   734   800   725   721   720   678   711   764   877   842   838   829   717   682   713   711
153 178    11255   727   712   723   828   783   779   816   733   801   723   719   719   679   709   766   874   842   839   826   717   685   715   714
157 178    12146   729   711   722   827   779   778   814   732   801   723   718   721   678   713   766   875   844   839   827   721   683   709   715
161 178     9221   727   712   721   827   778   779   815   731   801   723   720   721   679   710   766   873   844   841   825   720   683   713   714
165 178     9973   726   711   724   827   782   778   814   733   798   724   719   719   678   710   765   878   843   841   827   716   685   712   711
169 178     9058   728   711   719   828   781   777   816   734   799   724   721   721   679   707   767   875   844   840   826   719   684   715   713
173 178    11289   728   709   724   825   781   777   815   733   800   723   721   720   680   711   766   876   843   841   826   720   681   712   715
177 178    14489   730   710   721   828   782   778   815   733   800   726   720   721   679   711   765   876   844   839   828   720   685   709   717
181 178    12946   726   712   722   827   782   779   818   733   798   724   720   719   678   709   763   877   843   840   828   718   685   712   713
185 178    13687   728   712   722   828   782   778   814   733   801   724   721   720   679   709   762   876   845   840   828   717   686   714   710
189 178    10449   728   712   722   828   781   777   818   731   800   724   718   719   679   709   764   874   844   840   826   718   685   712   715
193 178     7771   729   712   723   825   782   780   815   732   796   724   719   722   680   710   767   875   844   840   826   721   683   714   714
197 178    12049   728   712   720   828   780   773   816   733   800   722   719   722   678   712   766   876   844   840   825   719   684   708   713
201 178    12431   727   712   724   824   781   780   815   734   798   724   720   721   679   710   763   874   845   839   827   715   684   713   710
205 178     6901   727   710   723   827   782   779   814   735   800   723   719   722   679   710   762   876   844   837   827   719   684   714   715
209 178     9461   726   712   721   828   781   778   815   734   799   722   720   721   680   705   765   875   843   840   826   721   684   713   716
129 182    11956   728   711   723   828   781   779   815   734   800   722   721   722   680   711   764   876   844   841   829   717   683   712   711
133 182     8549   727   711   720   828   783   778   815   733   800   724   720   720   679   709   766   874   844   839   826   720   686   710   715
137 182     8712   726   711   724   825   782   778   816   733   799   724   721   720   678   711   762   875   845   838   829   719   685   714   715
141 182     9831   728   710   723   827   780   776   816   732   800   724   719   718   677   711   766   875   843   836   828   720   684   713   713
145 182     8826   728   708   723   827   782   777   813   734   801   722   718   721   678   712   763   876   845   838   828   717   683   712   712
149 182    11236   728   712   724   823   781   777   814   733   798   722   719   722   679   712   763   875   844   840   827   716   685   712   711
153 182    13519   729   712   723   827   782   778   816   731   799   724   719   721   679   710   764   874   844   840   828   719   685   711   716
157 182    12611   729   711   721   828   781   777   815   734   801   723   719   720   678   708   765   877   842   840   827   720   684   712   716
161 182    11943   729   713   722   828   782   777   815   733   801   725   719   721   679   708   766   874   846   837   826   718   684   712   713
165 182     8370   729   709   724   825   782   779   816   734   798   722   720   719   678   711   761   875   844   840   828   715   685   713   713
169 182     9228   727   711   724   827   783   777   814   734   800   723   721   721   678   712   766   876   843   839   828   716   685   711   713
173 182     7742   729   705   724   828   782   779   814   732   800   723   719   721   675   711   765   874   844   838   829   720   683   712   716
177 182    10388   727   713   723   827   780   778   815   735   803   723   722   718   678   709   764   877   840   841   826   721   684   713   718
181 182    10168   723   711   723   828   781   778   813   734   801   722   720   718   680   709   767   875   841   841   828   716   686   713   713
185 182     8627   728   711   719   830   782   779   815   733   800   723   720   719   679   708   765   873   843   840   826   718   686   713   713
189 182    11054   728   713   720   828   779   778   816   732   801   723   720   722   678   708   767   874   843   839   827   720   686   713   716
193 182    11589   729   708   725   828   782   777   814   734   800   725   718   721   679   710   765   875   845   839   828   721   682   711   716
197 182     8917   728   711   723   829   780   778   813   734   800   723   721   720   677   711   765   875   844   838   828   718   686   712   713
201 182     7955   726   711   725   827   782   779   818   733   798   725   718   722   677   712   764   876   844   839   828   715   685   713   711
205 182    12906   727   710   723   829   780   778   812   735   801   724   720   719   678   710   765   877   843   838   829   720   682   713   717
209 182     9452   728   712   724   826   782   778   815   733   798   722   721   722   677   710   765   875   847   839   827   718   685   713   714
129 186     8784   728   708   723   827   782   779   815   730   797   724   721   720   678   711   764   873   843   838   827   717   684   714   710
133 186     6506   726   712   721   827   780   780   816   733   799   722   722   722   678   707   766   877   843   840   827   717   686   715   714
137 186     9785   727   710   724   828   780   779   816   734   801   724   721   721   678   711   765   876   843   839   828   720   682   713   716
141 186     8992   726   711   724   827   780   779   815   735   801   723   720   719   675   711   765   876   844   836   827   719   683   712   714
145 186     9246   729   711   725   826   781   778   817   733   797   722   721   721   679   711   764   875   843   840   828   718   682   713   712
149 186    10561   727   712   724   826   782   777   815   731   796   724   719   719   679   711   766   874   844   840   828   718   685   713   708
153 186    11232   729   712   724   825   781   778   815   734   800   724   719   721   678   711   762   876   844   838   829   720   684   712   716
157 186    13280   730   711   722   828   780   779   816   733   799   723   721   720   678   708   765   875   843   840   826   720   685   713   717
161 186    11641   727   712   723   827   780   779   816   732   800   725   718   719   679   712   767   874   840   840   828   720   685   711   714
165 186    11164   727   712   724   826   781   777   816   733   802   723   720   721   678   711   766   875   842   839   827   718   682   712   712
169 186    10301   727   710   724   827   781   774   816   733   799   724   720   722   676   710   766   874   845   839   828   717   685   713   711
173 186    11291   729   711   723   825   780   779   815   732   798   723   720   720   679   710   765   874   843   839   827   720   682   713   714
177 186    12428   728   712   724   825   780   779   816   734   798   723   722   720   679   710   764   876   843   840   827   720   684   714   716
181 186    13804   730   712   724   826   783   779   814   732   799   724   721   719   678   711   765   875   843   840   828   719   682   713   714
185 186    14816   728   712   723   828   782   780   813   733   799   724   722   718   679   708   766   875   844   840   827   717   686   713   711
189 186    11617   726   712   722   828   782   779   816   734   801   724   719   721   678   709   764   876   843   840   830   716   685   712   711
193 186    12996   726   712   723   826   783   779   817   734   799   723   721   723   679   711   762   877   844   840   828   716   685   713   714
197 186    10201   728   712   723   825   781   779   814   736   798   723   721   720   679   712   765   878   844   841   828   722   685   710   715
201 186    10959   729   712   723   829   781   779   815   732   800   720   720   719   679   709   766   875   845   839   827   720   685   712   716
205 186     9446   727   713   723   829   779   778   815   734   801   723   719   719   680   711   765   877   843   840   826   718   683   711   715
209 186    10352   728   711   721   827   781   778   813   735   800   721   720   719   678   708   765   875   844   840   826   715   687   714   710
129 190     6458   729   711   723   827   780   776   814   732   799   721   717   720   679   711   765   875   844   840   828   718   685   711   713
133 190     7380   727   712   723   828   782   779   815   733   800   723   721   720   678   709   765   876   845   839   827   720   686   714   716
137 190     8334   728   709   721   828   781   779   815   733   801   724   720   719   678   708   765   875   842   840   827   721   685   713   716
141 190     8823   728   711   720   828   781   779   814   734   799   724   719   723   679   709   764   877   843   841   828   718   684   712   714
145 190     9577   729   712   724   828   778   778   814   734   799   722   719   720   679   711   765   877   843   841   828   716   683   712   711
149 190     8155   725   712   720   828   782   778   815   735   799   724   720   720   678   710   765   877   844   841   827   715   685   713   712
153 190    12371   729   711   723   829   781   779   815   731   799   723   717   720   679   711   766   874   842   839   828   720   685   710   715
157 190    11737   728   710   724   830   779   777   816   735   801   723   719   720   678   711   766   878   844   838   827   720   684   711   716
161 190     9453   729   711   722   827   782   777   816   733   799   724   721   720   679   712   764   877   840   839   827   717   683   714   713
165 190    12654   728   709   723   828   779   779   813   732   800   723   718   721   678   710   765   874   843   841   828   716   683   711   709
169 190    14111   725   712   721   828   783   779   812   735   800   724   721   718   679   708   765   877   841   841   827   718   684   713   714
173 190    12813   730   712   723   829   782   778   811   732   800   724   721   718   679   710   765   875   844   838   828   723   685   714   715
177 190    11730   728   711   723   828   784   778   817   735   799   725   718   718   678   711   763   878   843   839   828   722   685   711   715
181 190    11560   728   713   722   829   781   777   816   734   800   723   717   721   677   707   765   876   842   840   826   717   684   709   712
185 190     9758   729   709   722   828   782   780   816   734   800   724   719   721   678   708   764   876   844   839   826   717   685   713   711
189 190    11920   729   709   723   829   780   777   815   733   802   720   720   720   680   710   767   874   842   838   828   720   681   713   715
193 190    11752   728   711   725   826   781   778   816   733   798   727   718   721   677   711   765   875   845   837   829   721   685   709   716
197 190     9812   728   710   721   827   780   779   815   733   802   724   720   719   677   709   765   874   842   838   826   717   686   714   714
201 190    13933   730   712   723   828   780   779   818   732   799   722   720   721   679   711   764   875   844   839   828   715   682   711   711
205 190    12594   728   709   723   828   784   780   815   734   800   725   720   721   675   711   765   875   843   836   830   719   684   713   716
209 190     7806   728   711   721   828   780   778   816   734   802   724   720   720   679   706   766   877   842   840   829   721   683   712   717
129 194    10465   729   712   724   827   781   778   816   732   800   723   720   721   679   710   767   874   845   838   828   719   683   713   712
133 194     6653   727   712   719   828   781   778   816   733   800   722   718   722   679   709   766   876   842   841   829   716   685   711   710
137 194    10629   725   711   722   828   782   777   816   734   801   723   716   721   679   711   767   876   842   840   828   718   685   710   712
141 194     9089   727   712   724   824   781   778   817   732   798   724   719   721   678   711   763   875   843   839   828   720   684   713   714
145 194     8314   727   712   725   824   782   779   817   732   797   724   721   721   678   711   764   876   843   840   827   721   683   713   714
149 194    12685   727   710   724   829   779   779   817   735   802   723   720   720   678   709   765   879   842   838   828   716   682   713   715
153 194    11699   727   713   722   828   781   775   816   734   799   722   718   722   678   709   766   876   843   840   828   717   685   710   712
157 194    13483   728   710   724   827   782   779   818   731   799   721   721   721   676   711   764   875   845   839   827   716   684   714   714
161 194    15046   731   712   723   828   781   779   815   733   799   722   719   721   679   711   763   875   845   840   830   720   681   714   715
165 194    13567   729   711   721   826   782   780   817   734   797   724   721   720   679   706   765   877   843   841   827   721   683   712   714
169 194    18239   729   712   724   827   782   778   814   734   800   722   719   720   678   712   762   876   844   839   828   716   684   711   712
173 194    17848   729   711   724   829   779   779   817   731   800   720   721   719   678   711   765   874   844   839   828   717   683   715   712
177 194    17843   730   712   723   828   780   778   816   734   800   722   717   721   679   708   765   876   843   840   826   718   684   711   714
181 194    15137   730   712   721   826   781   777   816   733   799   724   718   721   679   706   764   874   844   841   827   722   685   714   717
185 194    13584   728   709   724   829   781   778   815   734   801   725   719   722   675   711   765   876   845   839   828   717   684   712   713
189 194    11907   728   712   725   827   780   775   816   733   800   722   719   720   677   711   766   874   842   840   827   717   685   713   710
193 194     8973   727   707   723   827   781   777   816   733   801   724   718   721   676   711   765   876   844   835   828   720   685   712   716
197 194     7933   726   711   724   828   779   778   816   734   801   723   721   721   678   708   766   877   843   838   826   720   685   714   716
201 194     9235   728   712   723   827   782   780   816   732   800   724   717   721   679   709   766   874   843   841   829   719   684   710   712
205 194     9043   728   707   723   828   780   777   816   731   800   724   721   722   678   711   764   876   844   839   827   716   685   711   711
209 194    11187   727   711   726   828   782   779   816   732   801   725   718   721   678   709   765   874   845   838   828   720   683   711   715
129 198     7394   727   710   725   828   780   779   817   732   799   723   719   721   678   711   765   877   844   838   829   720   683   709   714
133 198     5746   727   711   722   828   780   780   816   732   801   722   721   721   677   709   766   875   844   838   827   715   685   713   711
137 198    11232   727   710   726   828   779   778   815   733   801   723   718   721   678   712   766   875   842   837   828   717   682   710   712
141 198     9614   727   710   725   829   779   777   816   733   802   722   718   721   678   711   766   877   843   841   830   721   682   710   716
145 198    12172   728   710   722   826   783   777   818   736   799   723   721   722   677   711   764   875   845   839   827   719   683   714   716
149 198    13405   727   712   724   826   783   778   816   734   799   723   720   722   678   712   762   876   844   838   829   716   685   713   712
153 198    15805   726   712   724   828   782   779   814   734   801   724   719   722   679   713   764   876   840   838   828   715   685   711   712
157 198    16469   728   712   721   826   780   778   818   734   799   725   716   720   678   709   763   877   843   839   826   720   684   712   716
161 198    17737   729   713   721   828   782   779   816   732   799   723   719   723   679   707   767   874   842   842   827   718   685   714   715
165 198    19688   731   709   722   828   780   778   816   735   801   724   719   720   680   710   766   875   844   840   827   716   683   712   711
169 198    22670   731   713   724   826   781   776   817   732   799   721   716   721   678   710   767   876   844   840   829   716   684   712   712
173 198    29011   734   713   724   829   783   779   813   735   800   720   720   718   677   710   764   876   844   840   829   720   684   712   716
177 198    21017   731   710   724   827   780   779   816   733   802   723   721   721   677   711   763   874   841   838   828   721   685   714   714
181 198    20501   729   713   723   829   781   778   814   734   801   719   720   722   679   709   764   876   844   840   829   715   685   714   712
185 198    15407   730   714   722   824   781   778   815   732   798   722   721   719   679   709   768   875   842   840   827   718   685   715   711
189 198    10600   726   712   723   825   782   777   816   733   800   724   718   720   679   710   762   874   842   841   829   720   685   712   716
193 198    12417   730   710   725   828   781   778   814   734   798   725   719   718   680   711   764   875   844   839   827   718   685   710   711
197 198     8096   731   709   724   826   780   779   818   733   799   723   720   721   676   711   765   875   845   841   828   717   681   713   709
201 198    11099   726   712   723   827   783   779   814   734   800   723   719   720   676   710   764   878   845   840   829   719   685   713   716
205 198    11159   729   711   719   828   782   779   813   735   800   723   720   721   679   709   765   876   845   841   828   722   686   712   717
209 198     7183   728   710   723   825   784   779   816   732   799   724   721   722   674   711   767   874   845   838   828   717   685   713   713
129 202     8356   728   713   724   827   783   776   816   734   799   724   720   721   675   711   766   873   843   841   829   719   684   712   715
133 202     9518   727   709   724   829   780   779   817   734   801   723   720   720   676   711   765   876   842   840   829   720   684   714   717
137 202     8027   727   709   724   827   782   778   815   732   800   724   722   719   678   709   767   875   842   841   825   719   684   712   712
141 202     9127   726   711   724   828   781   779   818   734   799   723   720   720   677   711   765   876   843   837   829   716   686   713   712
145 202     9612   728   711   722   828   782   778   812   733   800   724   720   719   679   709   766   875   844   838   828   720   685   713   716
149 202    10806   728   714   723   828   781   776   816   734   800   722   717   722   678   711   765   876   843   842   828   720   684   713   717
153 202    17072   730   711   724   827   781   777   815   734   799   722   719   720   680   710   764   876   845   838   827   718   681   714   714
157 202    20687   731   711   724   826   783   779   818   734   801   724   720   721   678   710   764   875   844   840   827   716   683   712   710
161 202    20247   730   708   723   827   780   778   816   734   799   725   721   721   677   710   765   876   844   839   829   720   684   713   716
165 202    28607   731   713   723   829   779   777   816   734   801   722   720   720   678   709   766   877   842   840   828   721   683   713   716
169 202    28826   735   711   722   828   784   778   815   733   798   725   720   721   675   711   767   876   846   838   828   717   685   712   712
173 202    32578   734   710   724   829   781   778   815   733   797   726   720   719   677   711   766   875   844   838   828   719   685   713   712
177 202    30713   733   714   721   828   779   777   814   733   800   722   721   721   679   707   766   876   841   840   824   719   685   714   716
181 202    23417   732   713   724   828   780   778   817   734   799   722   721   723   677   710   765   877   847   840   829   720   683   713   717
185 202    20241   730   711   723   828   781   777   816   733   799   722   718   722   678   711   766   876   844   839   829   718   686   712   713
189 202    13165   729   711   723   827   780   777   815   733   800   724   718   722   678   711   766   876   844   839   828   717   683   711   710
193 202    12194   730   710   723   826   780   779   817   733   798   725   723   721   676   710   765   875   844   841   827   719   685   712   713
197 202    10631   728   712   720   828   778   780   814   734   800   724   720   721   676   708   765   876   842   840   826   721   685   712   717
201 202    13288   730   707   724   827   781   778   816   732   797   724   722   720   678   711   766   874   844   840   827   723   685   714   715
205 202     8165   726   712   722   829   778   778   816   734   802   721   721   719   680   709   766   878   842   840   827   717   681   713   714
209 202     9791   725   711   724   826   782   779   816   734   800   724   719   723   676   712   764   877   842   840   828   716   686   711   712
129 206    11338   729   711   722   828   781   779   814   734   799   721   721   721   679   711   767   876   846   842   826   721   684   711   717
133 206     9205   728   712   723   826   780   777   816   732   801   722   719   721   679   711   765   875   844   840   827   718   683   711   714
137 206     7559   728   711   723   830   782   777   815   733   799   724   721   719   679   709   766   877   845   838   827   719   683   713   712
141 206    11063   728   711   723   827   781   779   816   734   801   724   722   719   678   708   767   875   841   840   825   717   685   712   712
145 206     9544   728   712   722   827   782   779   814   733   801   724   720   720   678   708   766   875   844   840   823   721   686   715   715
149 206    14250   732   710   724   828   779   779   816   734   797   722   719   720   678   711   766   876   845   839   828   721   684   714   715
153 206    14294   731   709   723   828   783   777   816   734   799   725   718   721   676   711   764   876   844   837   828   718   686   711   712
157 206    20909   732   710   722   828   783   779   815   734   800   724   722   721   678   708   765   876   843   840   826   717   686   715   710
161 206    26205   733   710   724   827   782   780   814   734   797   720   721   720   676   710   765   876   846   840   828   719   687   713   714
165 206    32136   732   712   726   827   780   776   816   735   800   724   716   720   679   712   764   877   842   840   828   721   685   710   718
169 206    37378   734   711   724   828   780   779   814   733   802   722   720   717   678   711   762   877   843   839   828   719   683   714   713
173 206    37520   735   712   722   828   779   779   816   734   800   721   721   722   679   710   766   876   844   842   826   716   683   712   711
177 206    36325   735   711   723   827   781   778   816   732   799   724   719   722   676   711   764   875   844   836   828   716   685   711   712
181 206    30884   733   710   724   827   783   779   819   735   799   725   721   721   677   711   765   877   843   840   828   721   685   713   714
185 206    20820   731   713   723   829   781   779   814   735   801   722   720   720   678   710   766   877   845   842   828   719   683   713   718
189 206    14975   727   712   724   829   779   779   816   735   800   722   721   722   678   711   766   877   844   839   829   717   686   713   714
193 206    12183   729   710   723   828   780   779   815   734   799   725   721   721   677   711   766   878   845   839   828   717   683   711   710
197 206     9894   727   708   722   828   780   779   814   733   800   724   721   719   679   708   765   879   843   840   827   719   683   712   715
201 206    10444   728   711   723   829   781   776   818   734   800   723   720   722   679   710   765   875   845   839   827   721   684   711   717
205 206     6671   727   708   722   828   783   779   815   731   801   724   718   721   677   710   764   873   844   839   828   719   685   712   715
209 206    10536   727   711   723   828   780   779   812   735   801   723   721   721   677   710   765   876   843   838   828   716   681   713   711
129 210    13615   730   711   724   825   782   777   816   732   799   724   719   721   677   711   764   875   844   839   829   719   684   713   714
133 210    10098   730   711   723   827   781   779   815   733   799   723   721   719   677   711   766   875   844   838   828   719   685   713   716
137 210    13508   730   710   718   827   782   777   816   735   800   725   719   721   677   712   764   876   844   839   828   718   685   710   711
141 210    11584   728   712   722   827   780   777   818   735   799   724   719   719   678   710   763   878   839   841   829   718   686   714   715
145 210    11934   729   710   725   826   782   778   816   732   798   722   720   721   675   711   767   874   844   840   829   721   684   714   716
149 210    14144   729   711   724   826   782   778   815   734   799   723   720   721   678   711   766   875   845   836   828   720   683   713   717
153 210    16184   730   711   721   829   780   776   816   733   802   724   719   721   679   710   766   877   843   841   827   716   683   711   711
157 210    21722   728   712   723   828   782   779   813   734   801   723   719   719   679   710   764   877   842   842   827   716   682   712   713
161 210    27241   732   711   721   827   782   778   815   734   799   724   721   717   677   708   765   875   840   840   827   720   685   714   717
165 210    33871   735   710   723   828   782   776   815   733   801   724   717   721   678   710   766   876   844   838   828   721   686   711   716
169 210    42799   736   711   724   828   781   776   817   733   801   724   719   722   676   713   764   874   845   839   829   715   683   710   712
173 210    42851   737   710   724   827   783   779   817   732   799   724   720   722   674   711   765   875   845   838   829   715   684   714   713
177 210    37707   735   712   724   828   783   777   818   734   799   723   718   720   678   709   763   876   846   840   828   720   685   711   716
181 210    30418   731   712   720   829   782   779   817   732   800   723   719   723   677   707   766   874   844   840   826   718   684   713   716
185 210    22708   732   713   722   828   782   779   816   734   801   724   720   721   678   709   764   876   843   839   826   717   685   711   711
189 210    16078   729   713   723   826   782   779   815   734   799   720   721   722   678   709   765   876   844   838   828   717   685   714   710
193 210    10862   728   710   722   827   783   778   816   733   800   724   722   721   675   711   765   875   844   839   827   720   686   712   716
197 210     7083   725   713   723   827   780   778   814   733   800   723   720   723   679   711   764   876   844   838   826   719   682   713   716
201 210     9346   726   709   725   827   780   779   816   734   801   723   721   722   676   711   763   876   843   838   827   716   686   713   712
205 210    12617   729   711   724   826   782   778   816   733   797   724   718   722   679   711   766   876   844   841   829   714   685   712   711
209 210     7129   727   711   722   828   783   780   816   734   799   721   720   723   675   709   764   876   844   839   828   719   684   713   716
129 214    11973   727   709   725   829   777   777   816   735   800   722   720   721   678   710   765   877   843   841   829   718   680   713   716
133 214    11573   727   714   722   826   781   780   815   732   800   722   720   722   679   709   768   875   845   842   827   716   684   714   708
137 214     8614   726   711   726   828   781   778   813   735   799   723   719   718   679   711   763   877   841   840   829   719   684   713   714
141 214    13146   727   712   724   826   782   780   817   733   798   724   722   722   678   711   765   875   844   841   828   720   684   713   714
145 214     8002   726   708   725   826   782   777   817   733   800   722   720   720   676   710   765   875   842   840   828   720   685   711   715
149 214    14089   727   709   724   830   782   777   816   734   799   724   721   718   678   710   766   876   844   840   828   715   684   713   713
153 214    13926   728   710   722   828   782   778   815   733   800   724   718   721   678   709   765   875   845   840   828   717   683   714   712
157 214    21485   731   711   725   827   780   778   816   733   800   723   720   723   674   711   763   873   844   840   829   719   684   715   715
161 214    26005   734   712   722   828   779   780   814   734   798   724   718   720   679   709   768   874   844   840   828   721   685   712   716
165 214    34196   734   711   725   825   781   776   819   733   797   724   720   722   678   711   766   876   844   839   828   716   685   713   710
169 214    40247   736   712   723   827   779   779   817   737   801   724   721   720   677   710   765   877   841   840   824   716   682   715   713
173 214    40241   736   713   723   829   782   776   815   735   800   724   722   721   679   709   766   875   845   839   824   717   685   714   714
177 214    34655   732   713   723   827   781   780   812   735   800   724   720   723   678   710   763   876   846   840   828   721   684   714   718
181 214    28296   732   711   723   829   782   779   815   733   799   725   720   724   678   710   766   876   844   840   825   716   684   712   713
185 214    24440   731   709   723   826   782   779   817   734   799   724   720   721   676   710   764   876   844   839   828   716   683   713   712
189 214    17418   730   710   723   828   781   779   816   730   800   723   719   721   678   712   768   874   843   840   828   719   680   713   715
193 214    11664   728   710   724   827   782   776   817   734   800   724   719   722   678   712   765   877   843   839   827   721   685   709   717
197 214     8667   725   711   722   826   782   779   815   734   797   723   720   719   679   710   764   876   841   840   828   718   685   713   715
201 214    11762   728   710   724   827   781   779   814   734   800   724   721   722   676   710   768   876   844   838   827   717   682   714   711
205 214     8713   728   709   722   828   781   779   817   734   801   722   720   720   679   710   763   875   845   840   827   717   683   713   712
209 214     8281   725   708   724   829   779   779   816   732   801   719   720   721   677   711   766   876   843   839   828   722   683   714   716
129 218     8464   726   711   723   827   780   779   812   733   798   724   719   719   679   710   766   874   840   840   829   716   686   713   713
133 218     8708   723   711   724   828   780   779   813   734   800   724   721   717   678   711   763   877   839   840   828   718   684   713   715
137 218     8249   728   711   725   826   782   777   818   734   801   723   719   721   680   711   762   875   844   840   828   721   683   712   715
141 218    12090   729   707   722   829   777   778   816   734   801   723   718   721   680   711   764   877   845   838   828   718   680   712   713
145 218    11865   728   709   725   827   784   779   816   733   801   723   719   721   674   711   766   875   845   837   828   716   685   712   709
149 218    12851   729   710   723   824   782   779   815   732   797   723   720   721   680   710   764   877   844   840   828   720   684   714   713
153 218    15132   730   708   724   828   781   779   816   731   799   723   720   721   681   710   767   871   844   840   828   721   681   713   715
157 218    21760   732   712   722   829   780   779   816   733   800   722   718   722   676   712   766   876   844   838   828   716   685   713   712
161 218    23932   733   714   724   829   781   778   815   734   801   722   721   721   680   709   766   876   843   840   824   717   683   713   711
165 218    26418   730   712   725   830   781   778   812   733   802   723   721   717   679   710   765   876   841   841   827   722   685   714   717
169 218    32227   734   711   722   829   782   778   815   733   799   724   721   720   680   710   767   875   844   841   825   721   684   713   717
173 218    32211   732   711   723   828   780   779   815   735   801   723   720   721   676   711   765   877   844   840   826   718   685   715   714
177 218    26371   732   711   724   829   781   777   816   735   798   722   719   721   678   711   766   876   844   842   826   716   684   711   711
181 218    25332   729   711   721   828   781   777   817   734   801   725   718   723   677   709   764   877   844   838   829   719   684   711   715
185 218    20489   729   710   725   828   780   779   817   734   801   722   720   719   679   711   764   877   841   841   828   720   685   713   715
189 218    14344   731   710   723   826   782   779   816   732   799   724   721   719   678   710   763   876   843   839   828   718   684   713   715
193 218    11548   728   712   722   826   784   778   814   735   800   721   721   722   676   710   766   876   845   839   827   717   684   713   711
197 218    10266   728   713   724   826   782   778   814   733   799   721   720   719   678   711   764   876   844   841   827   718   683   714   711
201 218    10468   728   712   724   829   783   780   814   732   798   723   720   719   679   711   766   875   845   841   828   722   685   715   716
205 218    11239   728   709   724   826   781   779   815   734   799   724   720   720   678   711   765   877   844   840   828   718   685   712   715
209 218    11574   730   711   723   828   780   780   813   734   800   720   721   720   678   709   766   878   845   840   827   716   683   714   711
129 222     9042   728   711   724   828   783   778   816   733   800   725   720   722   675   712   765   877   845   839   828   721   684   711   717
133 222     9794   729   710   723   828   782   780   816   731   798   723   723   721   676   709   767   872   844   841   824   722   685   712   717
137 222     8369   728   712   720   828   780   779   815   731   800   723   719   720   678   707   766   875   844   840   827   719   686   713   714
141 222     9340   728   711   721   829   781   778   815   734   802   721   721   720   679   709   765   877   840   841   828   717   685   713   712
145 222    10432   731   711   725   826   783   778   817   733   798   725   719   721   677   710   765   875   844   836   828   717   685   712   710
149 222    12743   728   709   725   828   782   778   816   735   802   724   723   721   677   712   767   880   844   840   824   720   685   713   713
153 222    13203   727   711   723   828   781   778   816   736   802   723   720   720   677   711   766   879   844   841   823   721   686   714   716
157 222    13123   730   711   722   828   783   776   818   734   799   724   718   721   678   710   764   877   847   840   829   721   684   711   717
161 222    22609   731   713   725   826   782   777   816   732   799   724   717   721   679   710   766   874   845   841   828   719   685   711   714
165 222    21744   731   711   723   826   781   779   816   733   799   723   721   721   678   709   766   875   844   841   825   716   684   711   713
169 222    23470   732   712   724   826   782   779   815   733   799   721   719   722   679   710   762   875   844   841   829   716   686   712   710
173 222    25508   732   711   723   828   783   778   816   738   799   724   719   722   677   710   764   878   844   841   828   717   685   713   714
177 222    24425   732   708   722   829   781   779   816   733   799   724   720   721   676   709   767   876   845   839   827   720   683   713   717
181 222    17851   728   709   722   827   783   779   817   734   801   721   721   723   678   710   765   876   845   840   828   718   683   713   716
185 222    16452   731   712   723   829   782   777   815   735   799   723   719   721   679   708   766   877   845   840   828   718   685   711   714
189 222    14111   728   714   724   827   779   778   817   731   801   722   719   722   678   711   766   874   845   838   827   716   684   712   712
193 222     9408   727   711   723   826   781   780   814   733   799   724   719   722   679   710   765   875   843   840   828   720   681   711   715
197 222     8827   728   711   726   827   782   779   816   734   801   725   718   720   680   711   763   875   845   839   828   720   684   712   715
201 222    13105   729   711   722   828   779   781   816   733   801   723   720   721   679   709   766   875   843   840   828   716   685   714   711
205 222     7721   728   711   722   827   783   779   817   730   798   722   722   721   676   711   766   873   845   839   827   716   684   714   710
209 222    11870   729   711   724   828   781   779   815   734   796   725   721   718   678   710   767   875   844   839   828   722   685   713   716
129 226     9495   728   712   724   828   780   777   816   736   800   722   720   722   679   710   766   875   844   839   826   718   681   714   712
133 226    11834   729   711   724   826   782   777   817   732   799   724   719   723   676   711   765   874   844   840   827   716   685   712   711
137 226     8706   729   708   724   828   780   778   815   730   800   722   719   722   679   711   767   872   844   842   827   721   683   714   717
141 226     9468   723   712   723   827   781   779   816   734   801   723   721   724   678   711   765   876   843   840   829   718   685   713   716
145 226    11028   728   709   723   828   782   779   816   735   801   721   718   721   676   710   766   878   843   840   826   719   683   714   715
149 226    11370   728   711   722   828   780   778   814   734   803   723   720   719   680   709   766   877   840   841   829   717   684   714   711
153 226    11804   727   712   723   829   783   779   816   734   800   723   719   721   677   710   766   876   845   839   829   719   683   712   715
157 226    14567   726   711   722   828   783   778   816   734   800   724   721   718   678   709   765   878   844   840   826   720   685   713   717
161 226    17621   728   713   723   829   781   778   816   734   798   724   719   722   677   711   766   877   842   840   830   720   685   710   716
165 226    13548   729   710   722   828   780   779   815   732   801   722   721   721   682   710   765   875   843   840   826   718   680   714   712
169 226    17869   729   713   722   828   783   778   816   733   800   724   719   722   678   709   763   876   842   840   827   716   684   711   712
173 226    17650   731   712   726   827   783   776   816   733   799   725   715   722   679   708   764   876   847   841   828   720   685   710   715
177 226    16226   729   711   723   827   783   777   817   734   798   725   721   723   678   711   762   876   843   838   829   719   685   713   716
181 226    14407   728   713   722   828   782   780   816   733   801   721   721   723   678   707   765   876   843   841   827   717   685   713   714
185 226    12520   729   711   725   827   780   779   817   733   801   724   719   720   680   712   764   876   843   838   828   715   686   712   711
189 226    12784   730   711   724   824   783   780   815   733   798   722   720   721   677   711   762   876   844   840   827   718   686   714   715
193 226    10376   727   711   724   826   782   780   814   735   800   723   721   719   680   711   766   877   842   839   828   722   681   714   717
197 226    12211   729   712   724   827   780   777   817   733   800   724   718   719   677   711   765   876   844   838   829   719   684   711   712
201 226     9138   728   712   724   826   779   779   818   730   800   720   721   721   678   711   764   874   845   842   828   716   681   712   711
205 226    10795   727   712   724   826   782   780   818   733   800   721   720   720   678   710   765   877   844   841   828   718   686   713   714
209 226     8062   727   710   723   828   782   779   814   734   800   723   721   722   678   712   763   876   845   840   828   719   683   713   717
129 230    10371   729   712   722   825   782   779   816   732   801   722   719   720   679   710   763   875   843   841   828   718   685   710   712
133 230     8851   728   712   723   827   780   779   816   729   801   722   717   720   679   711   767   872   843   840   827   716   685   712   710
137 230    14997   730   713   723   828   778   778   817   732   801   722   720   722   679   711   766   874   844   839   830   719   685   712   713
141 230     9753   726   712   725   827   782   778   816   734   800   724   719   723   679   712   765   876   843   840   827   723   685   712   716
145 230    12063   729   712   724   827   780   778   815   734   800   723   720   721   677   711   764   875   844   837   829   717   682   712   711
149 230     8927   728   711   724   828   783   778   814   733   801   723   721   721   677   711   765   876   844   837   827   715   685   712   713
153 230    10971   728   709   724   828   783   778   813   734   799   723   721   720   678   711   764   876   843   839   828   717   685   712   715
157 230     8588   727   712   724   829   780   779   815   735   802   724   722   719   679   710   766   876   843   839   828   721   686   714   717
161 230    13845   727   711   723   828   782   779   814   734   800   725   720   720   677   711   766   876   842   837   827   720   685   713   714
165 230    14940   728   709   724   827   782   780   816   734   800   724   718   719   678   710   766   874   845   840   827   719   684   710   715
169 230    13876   729   711   723   826   782   777   816   734   802   725   721   721   678   711   767   876   843   839   826   719   685   712   711
173 230    13943   729   711   723   827   780   779   817   732   801   725   719   721   679   711   766   875   844   840   825   719   682   712   713
177 230    16772   728   713   721   826   782   777   816   734   799   721   720   719   677   711   765   877   842   841   828   722   683   714   715
181 230    14514   729   712   723   826   781   778   818   732   797   725   718   719   679   710   764   875   844   839   828   717   684   710   711
185 230    12313   727   711   720   827   781   778   817   734   799   724   720   721   678   710   767   877   841   842   828   717   684   713   711
189 230    11292   730   711   724   828   782   779   817   734   794   724   719   721   679   711   766   876   845   839   827   719   686   713   715
193 230    10070   728   709   724   826   783   779   818   734   801   724   719   721   677   711   764   875   844   837   829   722   686   712   718
197 230     7586   725   711   724   828   782   779   816   731   801   723   720   719   679   709   763   875   846   840   828   719   683   712   715
201 230     9121   727   710   723   828   784   777   816   737   800   723   720   720   677   711   764   876   845   841   827   717   683   713   711
205 230     6777   728   712   724   828   782   777   815   734   796   725   718   721   680   710   767   876   844   839   826   714   685   711   710
209 230     8360   726   715   723   827   781   778   816   735   799   724   721   721   678   711   766   876   845   838   827   719   683   713   714
129 234     9852   729   712   723   826   780   778   814   733   800   723   721   721   678   711   765   875   842   839   828   722   686   713   715
133 234    10124   727   711   725   828   782   779   815   734   800   723   718   722   679   711   764   876   844   839   829   720   686   712   714
137 234    11473   729   708   725   828   784   778   816   732   800   724   721   721   675   711   765   874   845   839   827   716   686   715   711
141 234     8903   728   712   723   829   780   779   816   734   800   722   719   721   677   710   765   877   845   840   828   716   684   711   712
145 234     5945   727   711   723   828   781   779   817   733   800   724   721   722   676   710   765   876   844   839   825   721   684   711   716
149 234    11720   727   710   722   827   780   779   816   733   801   723   720   722   676   709   766   877   845   839   828   721   685   713   717
153 234    10703   725   711   724   825   782   779   817   734   798   721   719   717   679   710   765   876   844   840   828   719   684   711   715
157 234    13215   730   711   720   828   779   780   814   733   800   722   719   721   677   709   766   875   844   842   828   717   686   714   711
161 234    12865   728   711   724   830   780   776   817   736   800   724   720   719   678   710   766   877   845   839   826   718   687   712   713
165 234    13383   728   710   722   828   782   778   816   735   799   724   721   722   678   710   765   876   845   840   825   720   687   713   717
169 234    12400   729   712   723   828   780   779   814   736   800   724   720   721   677   712   763   876   844   839   827   719   685   714   714
173 234    11913   728   711   724   828   780   779   813   734   800   722   720   719   677   711   763   877   844   841   830   715   683   713   711
177 234    10195   727   708   724   828   782   779   815   734   800   724   720   721   679   709   765   877   844   839   827   717   684   712   714
181 234    11367   728   711   724   828   782   776   816   734   800   724   720   721   679   712   763   876   841   840   828   720   683   713   718
185 234    11406   729   712   725   827   781   778   816   732   800   723   719   722   678   711   767   874   845   836   830   720   684   712   713
189 234     8268   727   710   722   827   780   780   815   734   799   724   721   722   680   710   766   877   845   841   828   716   682   714   712
193 234     9519   729   710   723   829   781   778   813   734   798   725   721   721   678   710   765   876   846   842   826   715   685   712   712
197 234    10100   727   712   723   826   778   779   818   733   800   723   721   721   679   712   765   875   845   838   829   719   683   713   713
201 234    12637   729   712   721   826   782   778   817   734   798   724   721   720   678   709   766   876   844   841   827   720   685   712   718
205 234     9246   728   712   723   829   781   778   817   735   801   724   720   720   678   711   765   876   843   838   828   721   685   712   715
209 234    11904   728   711   724   830   781   779   815   734   801   723   722   720   677   712   766   876   842   840   827   718   682   715   715
129 238    11560   728   711   724   826   780   779   817   732   800   724   719   719   678   711   768   874   843   839   828   718   685   711   710
133 238     9141   729   712   723   827   781   778   817   733   800   724   718   720   679   710   770   875   843   840   829   716   687   711   709
137 238     9070   729   711   720   828   780   779   817   734   800   723   722   722   680   708   765   875   844   841   826   720   682   712   714
141 238     9863   727   711   724   828   782   776   814   733   800   723   720   721   679   710   765   876   844   841   828   720   683   712   716
145 238     7711   726   710   723   826   780   779   817   732   798   720   720   722   678   710   765   875   844   841   828   720   683   712   716
149 238     9137   728   712   724   824   781   779   818   732   800   723   721   720   679   709   763   875   843   841   828   718   683   712   711
153 238    10028   728   712   724   825   781   777   818   733   800   720   721   722   679   711   763   876   844   841   829   718   683   713   710
157 238     8810   727   712   723   828   782   780   815   734   799   724   719   720   679   706   766   875   844   840   826   720   686   713   714
161 238    11169   729   709   722   827   781   777   814   733   800   724   720   722   674   711   765   875   846   840   826   720   683   711   716
165 238    13204   727   712   723   829   781   777   816   735   800   722   720   718   680   711   766   877   843   838   827   716   684   713   710
169 238     8340   725   713   722   826   781   779   819   733   797   722   720   720   679   709   762   876   844   840   827   718   685   712   715
173 238     9878   728   712   723   830   781   777   816   735   801   724   719   718   678   710   766   876   844   839   827   721   685   714   716
177 238     6555   727   712   723   825   782   779   820   734   798   723   719   722   680   710   762   876   845   839   830   717   686   713   712
181 238    10535   725   712   723   829   781   777   817   737   801   724   721   719   679   710   765   878   845   837   828   716   685   715   712
185 238    11443   730   710   724   831   781   777   813   734   798   724   720   719   680   709   766   875   844   840   829   722   684   712   717
189 238    10167   728   712   723   825   783   777   817   734   797   724   719   722   679   713   764   876   844   840   830   719   685   711   716
193 238     9982   723   711   722   827   782   778   814   733   799   723   720   720   680   710   766   877   844   839   826   717   684   714   712
197 238     8099   728   712   722   827   781   779   815   734   800   723   720   722   679   710   762   877   843   840   828   717   685   713   711
201 238     8178   727   711   724   828   782   780   816   734   801   720   721   721   679   712   762   877   843   840   829   717   684   713   712
205 238     8307   726   712   723   825   782   779   818   733   798   723   719   719   680   711   762   876   845   840   828   718   684   711   714
209 238     9397   728   711   723   827   782   780   815   735   800   723   720   722   676   710   765   877   844   837   827   719   684   712   715
129 242    11123   729   711   724   826   782   777   815   735   798   724   718   721   678   711   764   876   846   840   829   721   684   711   714
133 242     8469   726   711   723   829   781   779   815   735   801   723   719   719   678   712   766   876   842   841   828   717   686   712   710
137 242    11120   729   713   724   828   782   776   816   732   800   724   720   719   679   712   767   873   843   840   827   716   685   714   710
141 242     9173   728   711   724   827   781   778   817   734   798   723   718   721   679   711   762   876   843   841   829   720   685   711   716
145 242     7467   727   711   722   826   781   778   816   734   799   725   717   721   679   708   764   875   844   840   828   720   684   711   716
149 242    11870   729   712   724   827   781   779   816   732   800   722   721   719   680   711   764   874   842   839   829   717   684   713   712
153 242    11110   727   711   724   828   782   778   816   733   799   724   719   720   679   711   766   875   842   840   827   718   685   713   712
157 242    10375   729   710   720   829   783   775   816   733   799   724   720   720   678   711   766   874   844   840   826   719   684   714   716
161 242    11408   729   710   722   828   781   778   816   736   800   724   720   721   681   709   766   876   844   840   826   721   682   713   716
165 242    10997   730   711   723   827   781   779   817   733   799   724   718   723   679   711   765   876   844   841   828   717   685   710   712
169 242    10884   726   708   724   828   780   779   816   735   802   723   722   718   677   711   766   878   845   840   827   716   683   713   712
173 242    10267   728   712   722   827   782   778   817   733   797   724   718   720   678   711   765   874   844   840   828   721   684   711   713
177 242     9201   727   711   724   828   783   778   816   734   801   725   719   723   676   712   765   876   845   838   827   721   685   710   718
181 242     8722   728   712   724   828   781   777   815   732   799   724   719   721   678   710   764   874   844   842   829   718   685   711   713
185 242     8268   727   711   724   828   781   778   814   734   800   725   720   721   678   710   765   879   842   839   829   717   686   712   713
189 242     8835   726   710   724   827   784   779   816   733   800   724   717   722   677   712   765   876   846   841   829   717   685   711   710
193 242     9218   728   711   725   828   783   778   816   734   800   722   721   722   679   710   766   875   845   840   826   718   683   713   714
197 242     6479   727   710   724   826   781   779   816   730   801   724   719   720   677   711   765   873   845   841   828   721   683   715   715
201 242     9767   729   711   724   828   782   777   815   734   800   724   720   721   678   710   766   876   843   841   826   722   684   714   716
205 242     9109   730   712   726   827   781   779   814   734   797   723   719   720   679   711   764   877   845   840   827   719   684   711   716
209 242    11194   729   711   723   828   779   777   816   731   800   723   719   721   676   710   766   876   843   840   828   717   685   713   711
129 246     8470   726   710   723   828   780   779   814   732   801   723   719   720   679   712   766   874   845   840   827   717   684   714   711
133 246     9501   728   710   723   827   782   776   816   736   799   724   721   720   679   710   766   877   843   841   826   716   685   713   711
137 246     8708   728   710   724   826   782   779   816   732   798   721   720   721   677   711   765   874   844   838   828   719   683   713   714
141 246    10478   725   711   724   828   780   779   812   734   802   723   720   721   677   712   763   876   843   838   828   721   686   713   719
145 246     9330   729   711   726   826   782   779   816   731   798   724   719   720   679   711   765   874   844   840   828   718   686   710   712
149 246    11141   730   709   723   827   781   779   814   734   798   724   721   720   676   711   766   875   844   839   829   717   683   714   711
153 246    12225   728   711   724   825   781   775   815   733   799   725   721   721   679   710   767   875   843   840   827   718   684   712   712
157 246    10419   728   713   723   825   782   777   816   734   799   725   718   722   679   711   765   877   844   841   828   720   685   711   716
161 246     8493   727   711   724   827   783   778   818   731   799   726   720   721   677   712   764   875   845   840   829   722   686   711   717
165 246    10664   728   712   722   827   783   779   815   733   803   723   720   720   680   709   766   873   842   839   826   720   683   712   716
169 246     7405   727   709   724   827   782   779   819   732   799   724   720   721   676   711   764   876   844   839   828   717   685   713   709
173 246    10024   727   711   723   827   779   779   816   734   801   723   721   720   680   711   767   878   843   840   829   717   684   713   712
177 246    12348   729   707   723   828   782   777   818   734   799   724   720   721   680   709   763   876   844   837   829   717   683   713   712
181 246     9847   729   710   720   828   779   777   815   733   800   724   718   721   679   708   765   875   844   840   827   717   683   711   714
185 246     9301   726   707   724   827   781   780   814   734   800   722   721   721   676   712   766   878   845   839   827   721   684   712   714
189 246     9435   728   711   721   829   782   779   816   734   801   725   720   721   679   710   766   877   843   841   828   722   685   714   716
193 246     6951   726   712   724   828   781   778   816   732   799   724   720   721   679   710   766   875   845   841   828   721   685   715   715
197 246     9091   728   707   724   828   781   777   816   734   800   724   718   721   679   711   766   876   844   839   828   719   683   712   716
201 246     8990   728   707   724   828   782   780   816   732   799   723   721   720   678   710   766   875   844   839   829   719   684   714   710
205 246     8858   728   709   724   827   781   777   816   731   800   724   718   721   677   711   766   875   846   839   829   717   685   711   712
209 246    13887   728   711   722   826   784   778   816   735   799   727   721   722   676   710   765   876   846   836   829   719   685   712   716
129 250    10030   727   711   721   827   781   780   817   734   800   719   720   722   679   708   766   877   844   840   825   721   685   713   717
133 250     8317   727   710   724   827   781   777   815   736   798   726   720   721   678   709   763   876   845   838   828   717   684   713   714
137 250    11377   726   710   723   828   782   778   817   734   800   724   719   722   677   712   765   875   845   841   828   717   684   711   710
141 250     9739   726   711   724   827   784   779   817   733   800   723   720   723   675   711   765   877   846   840   829   715   685   714   711
145 250    10773   729   711   723   826   783   779   818   733   800   725   720   721   678   710   763   876   845   839   827   720   684   714   717
149 250    11137   729   709   724   828   781   778   815   731   799   724   721   721   678   711   767   873   844   839   827   720   686   715   716
153 250    11598   729   712   725   828   780   779   817   734   801   724   716   721   677   709   765   877   845   840   828   721   686   711   716
157 250     9151   728   709   723   826   781   778   815   734   797   725   721   721   679   711   765   876   844   840   827   721   684   711   715
161 250    10661   729   713   724   829   779   777   816   733   803   722   717   720   679   711   765   876   843   840   827   718   684   711   714
165 250     8330   729   711   724   827   782   778   818   734   798   723   720   722   678   711   764   876   844   841   827   717   685   714   710
169 250     8440   728   711   723   829   780   778   816   733   801   723   719   721   679   710   765   876   845   841   829   716   682   711   710
173 250     9992   727   709   724   827   781   776   817   734   799   723   721   721   678   710   764   876   844   840   829   716   685   713   711
177 250    11242   729   711   723   826   783   778   814   734   800   721   720   723   678   711   764   876   845   838   828   719   685   710   717
181 250    10600   727   711   723   828   783   778   815   735   802   724   719   720   680   711   764   877   843   840   830   720   685   712   716
185 250    12089   729   712   724   829   782   778   815   734   801   723   718   721   680   711   764   876   845   842   828   721   682   713   715
189 250     8103   729   711   724   827   780   778   817   732   797   724   719   721   680   710   766   874   843   840   828   718   683   711   712
193 250     8234   728   711   722   829   781   777   815   732   800   723   716   721   679   711   766   875   844   840   826   717   682   712   711
197 250    10785   729   712   722   827   782   781   815   733   797   724   721   719   679   708   764   877   842   840   829   718   684   713   712
201 250    10325   729   711   721   827   781   780   815   733   799   723   720   720   678   709   765   876   844   840   829   719   683   713   713
205 250     8540   726   712   725   825   782   778   818   731   799   724   720   721   679   710   764   875   845   840   827   720   684   712   715
209 250     9051   729   712   722   828   781   780   814   733   801   721   720   721   677   708   766   875   845   841   824   720   685   713   715
