! Map center:  169,210
129 170     8893   726   711   722   828   781   777   817   734   799   724   720   720   677   710   764   876   846   841   825   715   684   715   711
133 170     8843   727   711   723   827   782   776   814   734   798   724   720   720   676   709   767   877   843   841   828   716   685   713   709
137 170     8168   727   712   724   826   782   779   817   733   798   721   721   719   678   709   764   875   844   839   830   717   685   712   711
141 170     7910   727   711   723   827   779   778   815   734   799   724   718   722   679   710   763   876   845   839   827   719   685   713   715
145 170     9690   727   710   724   830   782   779   815   734   799   723   719   720   678   711   766   875   844   838   828   720   684   713   716
149 170     8525   725   710   722   828   783   777   816   735   800   723   720   721   676   709   766   876   846   839   826   721   683   711   716
153 170    10746   725   712   724   827   781   780   815   734   799   724   720   717   679   710   766   875   842   840   826   720   685   714   715
157 170     9720   727   710   725   829   779   779   813   731   800   722   721   718   679   710   766   874   842   841   828   715   684   713   710
161 170    11200   729   710   721   828   781   777   817   734   800   723   717   721   679   708   765   876   843   839   826   718   683   713   713
165 170    10249   728   710   725   826   782   778   815   732   800   724   719   718   680   709   766   873   845   839   827   719   684   711   713
169 170     9804   725   710   724   829   780   778   817   735   801   721   720   718   679   711   765   876   844   841   830   722   683   714   718
173 170    10445   729   712   720   828   783   779   817   732   796   724   718   721   679   707   764   874   845   840   828   718   686   711   715
177 170     8823   728   709   721   827   780   779   816   732   800   724   719   721   676   710   764   875   844   840   828   716   683   710   712
181 170    10841   728   711   722   828   782   778   817   734   800   723   720   720   681   709   764   875   844   839   827   716   684   713   712
185 170     8767   728   712   723   828   780   778   815   731   800   722   720   721   678   710   767   875   843   839   828   719   682   711   713
189 170    10606   729   711   722   825   781   778   816   734   801   722   722   721   678   710   765   878   844   839   827   721   684   713   715
193 170     9586   728   710   724   830   780   778   817   735   800   722   719   720   677   710   766   877   843   838   828   720   685   712   716
197 170     9327   728   712   723   827   782   779   815   733   797   722   720   721   678   709   764   875   843   843   827   717   685   712   714
201 170     7976   728   712   723   828   780   777   815   733   797   723   720   721   678   711   765   876   844   840   827   717   683   712   711
205 170     9605   728   710   722   827   782   779   814   731   801   723   719   721   677   709   765   873   845   842   828   714   684   713   712
209 170    10741   729   709   721   828   786   777   816   734   800   723   721   722   678   709   764   877   847   839   828   718   683   713   713
129 174    11561   726   709   722   828   780   776   817   735   799   724   720   722   676   710   767   878   845   839   829   717   683   712   714
133 174     9402   728   711   721   828   782   778   813   734   802   722   720   719   680   709   764   877   845   843   827   721   681   713   716
137 174     6676   726   709   724   830   780   779   814   734   799   722   720   719   678   712   767   876   845   841   828   720   685   713   717
141 174     8256   721   711   721   829   781   780   814   733   801   721   721   721   678   708   764   877   843   840   828   719   684   712   716
145 174     9222   728   712   722   828   780   779   816   734   799   721   719   721   678   709   765   877   842   840   828   717   683   712   712
149 174    10320   726   711   723   827   783   779   814   734   800   723   721   720   675   709   766   875   845   841   826   715   683   714   714
153 174    10000   729   711   720   825   781   779   815   733   800   724   720   722   677   707   763   877   844   839   829   718   686   712   712
157 174    12304   729   711   724   828   781   779   815   734   798   721   715   721   680   710   766   877   843   839   829   722   683   709   716
161 174    11129   724   712   724   825   781   779   817   733   800   723   716   722   679   711   761   876   843   840   829   720   684   710   716
165 174    10508   729   709   723   826   782   779   818   734   797   721   718   720   681   711   762   876   845   840   831   718   681   714   714
169 174     7969   729   711   720   826   784   779   814   732   800   722   721   721   679   707   766   874   844   839   824   716   687   714   710
173 174     8556   724   711   725   828   781   779   815   735   800   723   721   720   676   712   765   878   844   839   829   715   686   711   711
177 174     8059   722   712   721   827   784   779   814   736   801   724   721   718   678   707   766   879   845   841   825   720   684   714   717
181 174     9274   729   712   718   829   778   779   814   734   804   720   721   722   679   707   765   877   840   841   827   721   682   714   717
185 174     9628   728   708   724   829   783   776   816   734   798   724   721   723   678   711   765   877   845   843   829   718   683   710   714
189 174     9475   727   712   720   827   783   779   814   734   800   720   721   720   679   708   763   877   846   839   827   714   685   713   711
193 174     8684   729   713   720   830   782   780   814   735   801   721   720   721   678   707   764   877   845   841   828   716   681   713   712
197 174    12229   727   713   723   829   778   779   817   734   802   722   721   720   679   711   765   875   842   840   828   720   682   710   716
201 174     8114   727   712   719   826   783   777   815   734   801   722   719   720   681   707   763   876   845   842   828   721   680   713   717
205 174     8014   728   710   723   829   783   774   816   734   800   724   721   720   677   712   765   876   844   838   827   718   685   712   715
209 174     9638   729   711   722   826   782   780   817   732   798   721   719   720   680   709   764   874   845   842   829   719   683   711   711
129 178    10981   728   713   723   831   780   779   816   734   798   724   718   717   678   709   765   876   845   839   827   720   683   710   714
133 178     6003   725   711   723   826   782   779   816   731   801   722   718   720   678   710   765   874   845   841   828   717   682   710   711
137 178     9623   729   709   721   826   783   777   815   732   803   725   720   719   679   708   764   874   841   840   827   715   684   715   710
141 178    12095   728   709   726   829   782   779   815   732   799   723   718   721   677   713   767   875   843   841   827   716   685   711   713
145 178     7548   728   708   723   826   779   778   815   734   801   724   720   722   678   710   764   877   844   841   827   721   686   712   716
149 178     8450   729   709   724   828   780   779   816   733   799   723   718   721   678   711   764   876   842   840   829   717   684   711   713
153 178     9727   729   712   720   828   782   777   818   735   801   723   721   722   679   709   763   877   843   838   829   715   682   713   711
157 178     8578   729   711   722   825   783   777   814   734   798   723   719   721   677   709   765   880   847   839   826   718   685   714   713
161 178    12366   729   709   724   826   781   779   817   731   800   724   721   720   678   710   769   875   843   841   827   722   684   712   712
165 178    10088   729   711   725   826   782   776   816   731   799   726   718   721   679   711   765   876   845   838   828   722   684   711   716
169 178    10914   728   714   723   827   781   777   817   732   801   721   720   721   680   709   766   873   842   844   827   721   681   712   715
173 178     6847   724   710   723   828   783   777   815   734   800   724   720   720   677   710   765   876   844   836   828   717   685   713   714
177 178    11110   729   711   723   827   783   777   816   732   804   725   720   720   678   710   765   874   844   838   826   715   685   712   713
181 178     7485   728   712   724   825   782   779   817   733   798   724   717   720   679   713   763   875   846   840   827   717   684   711   711
185 178     8566   728   710   722   826   780   779   817   733   802   720   718   722   679   711   763   875   844   841   828   720   684   711   715
189 178    12117   726   709   723   828   779   779   817   733   800   723   722   718   678   712   767   874   843   841   827   721   682   714   717
193 178    13498   729   710   724   828   782   776   816   734   798   723   718   721   677   712   765   876   845   838   829   719   684   711   717
197 178    10848   727   711   723   828   781   778   816   729   801   724   720   718   679   711   765   873   840   840   825   719   685   712   715
201 178     9710   726   712   724   827   782   779   817   735   800   724   722   718   677   711   766   877   843   836   826   717   684   713   715
205 178     9713   728   713   723   824   780   779   816   731   800   722   719   721   678   710   765   874   845   841   830   717   684   712   709
209 178     5966   726   712   723   827   780   777   814   734   800   723   719   718   679   710   764   876   843   839   827   720   684   711   717
129 182     9894   724   711   722   830   779   781   813   733   799   722   721   719   679   711   766   875   841   840   829   720   685   713   716
133 182     8312   726   713   722   827   781   777   816   734   801   720   721   720   676   709   764   877   843   838   826   720   684   713   715
137 182    11380   729   707   725   826   782   779   816   732   799   724   719   721   677   712   763   876   844   839   829   717   685   711   713
141 182    10069   727   710   723   827   783   776   817   734   797   725   721   719   676   709   764   878   845   838   830   716   685   712   713
145 182     9414   729   713   722   828   779   778   817   734   801   722   720   719   679   709   767   875   842   842   827   718   682   714   712
149 182    10017   724   712   724   828   782   778   817   733   801   723   720   720   677   711   765   876   841   839   827   720   684   711   717
153 182    10769   727   712   724   828   780   778   817   735   801   724   718   720   678   711   765   877   843   839   828   720   682   711   718
157 182     8520   728   712   721   828   782   780   817   734   795   722   720   722   679   708   762   876   844   840   828   719   681   714   715
161 182     8067   728   705   722   829   782   779   813   734   798   724   721   722   676   708   767   877   845   839   827   719   685   714   714
165 182     9873   729   711   719   826   783   779   819   733   798   723   720   721   679   707   764   875   844   841   827   718   683   713   711
169 182     9915   724   709   724   828   784   777   816   733   800   725   719   719   676   712   766   879   843   841   828   716   684   713   713
173 182    10208   728   714   720   829   782   780   815   734   800   723   721   722   677   709   766   878   846   837   828   717   683   713   713
177 182     7856   729   712   722   826   783   779   816   732   799   721   719   722   679   710   766   875   843   841   828   721   684   713   716
181 182     7220   728   711   722   825   782   778   818   732   799   724   718   722   678   710   763   877   844   837   826   720   683   711   714
185 182    11065   728   710   723   826   782   778   816   731   800   723   721   720   677   711   764   876   845   839   827   717   683   713   712
189 182     8838   728   710   725   828   781   777   818   730   800   724   722   719   680   711   764   873   845   838   828   716   683   715   711
193 182     8948   726   712   722   828   781   779   816   734   799   723   721   719   678   711   766   876   843   837   827   718   683   712   715
197 182     9770   729   711   725   826   780   777   816   731   800   722   716   720   680   712   767   873   845   839   829   720   681   712   713
201 182     9204   728   712   725   827   782   775   814   731   798   725   722   723   678   711   767   875   845   836   825   720   685   714   714
205 182     9602   728   709   724   828   779   778   815   734   800   723   724   722   678   712   766   875   842   837   826   719   683   714   716
209 182    12660   727   710   722   828   782   779   814   734   800   725   718   720   677   709   765   875   843   839   829   717   686   711   712
129 186     8601   727   711   722   829   783   779   813   734   799   723   720   718   679   710   766   877   845   841   826   718   683   712   715
133 186     9866   728   711   720   827   781   778   817   734   801   721   721   721   678   707   763   877   844   840   828   719   681   712   715
137 186     8913   727   711   722   826   780   781   816   732   798   724   721   721   676   708   765   875   844   842   828   721   683   712   717
141 186    12035   728   710   722   828   780   779   817   734   802   724   721   720   678   710   761   877   844   839   829   718   687   715   714
145 186    11863   729   709   724   826   780   777   815   734   799   722   720   718   679   710   767   873   845   841   826   717   683   713   713
149 186    11891   728   710   722   829   781   780   816   734   799   723   720   720   679   710   767   876   844   840   827   716   683   712   711
153 186     9954   729   710   723   828   780   779   817   735   800   723   719   720   679   709   765   878   844   839   828   718   683   712   716
157 186     4061   724   711   722   828   782   779   815   734   799   724   720   719   678   709   766   876   844   838   828   719   683   714   717
161 186     9769   729   710   720   826   779   779   816   732   801   724   721   722   677   707   762   875   845   841   830   722   685   715   718
165 186     7572   726   710   722   827   782   777   816   734   799   724   719   722   680   711   765   876   845   840   828   719   683   712   715
169 186    10815   725   710   725   829   782   779   817   735   799   722   717   718   678   712   766   876   846   840   829   717   685   709   713
173 186     9648   729   711   723   829   783   778   813   734   799   724   720   723   679   712   766   877   844   841   826   714   683   712   711
177 186     7705   727   711   720   824   781   779   818   734   797   721   721   722   680   709   763   877   844   841   828   717   682   713   713
181 186     8826   728   711   724   825   779   777   816   733   803   723   721   720   679   711   766   876   841   838   827   721   684   712   717
185 186     9964   728   709   724   829   779   778   815   734   800   725   722   720   676   712   766   876   844   842   827   720   685   713   718
189 186     9254   727   711   720   828   781   777   813   734   800   723   720   721   681   707   764   877   845   840   828   718   683   714   714
193 186     8088   729   710   724   826   784   776   817   731   799   724   719   720   677   711   765   872   846   837   827   717   685   713   710
197 186     9351   728   711   721   828   780   779   818   733   801   722   718   722   679   710   764   875   842   841   829   717   683   711   710
201 186    10833   730   711   720   826   781   778   818   732   800   724   720   722   679   710   765   874   842   839   828   721   682   713   714
205 186     6422   728   711   723   829   782   778   814   732   799   722   720   720   678   710   767   873   846   839   827   720   682   714   716
209 186     9819   727   712   724   828   780   778   817   733   800   723   720   722   679   711   765   876   843   838   826   718   684   712   714
129 190    11168   729   710   722   825   783   778   816   733   800   725   720   721   676   708   763   876   847   841   828   719   684   713   712
133 190    13338   728   710   721   826   781   781   818   731   801   724   721   721   676   707   763   875   842   841   829   718   685   713   711
137 190    10321   728   710   721   826   783   782   816   732   801   723   721   720   678   706   764   875   845   842   830   717   684   713   710
141 190     7906   724   712   725   830   782   779   816   738   800   719   717   717   681   712   765   876   845   842   830   720   680   709   714
145 190     8749   729   712   721   826   779   778   816   731   801   724   720   721   678   706   764   873   841   841   828   720   682   713   714
149 190    10442   728   710   723   825   781   779   820   732   798   720   722   722   679   710   761   876   844   840   829   722   682   713   715
153 190     9513   729   712   724   830   778   779   817   734   800   723   720   718   678   709   766   875   841   839   828   719   686   712   715
157 190     7592   726   709   724   829   782   776   818   735   799   722   719   721   676   710   766   876   844   838   829   717   685   710   713
161 190    12266   730   709   724   825   782   776   817   732   801   725   721   720   679   710   767   872   846   839   827   716   685   713   712
165 190    10486   727   709   723   829   780   779   815   732   800   724   720   720   678   709   767   875   845   837   828   717   684   713   712
169 190    10170   729   712   723   827   780   778   815   733   798   726   721   722   679   708   766   875   843   836   828   719   685   713   712
173 190     6383   727   710   723   828   780   779   816   734   798   724   721   719   678   709   766   876   842   839   829   719   684   711   716
177 190     8752   726   708   725   830   780   778   816   735   801   722   719   720   677   711   765   876   845   841   829   720   684   712   716
181 190     9305   729   713   724   829   782   777   814   734   799   722   719   721   677   711   766   877   845   839   825   720   684   712   714
185 190     7390   726   710   724   830   781   778   815   733   800   726   720   720   677   710   765   876   844   839   827   715   685   713   711
189 190    14579   728   711   722   831   784   780   819   734   799   723   719   721   678   708   762   876   845   842   827   716   684   712   711
193 190    10211   727   711   722   828   782   780   816   734   800   724   721   720   678   709   764   878   844   839   828   717   685   713   714
197 190    10032   725   713   724   828   782   780   817   736   802   722   718   718   679   712   765   878   844   840   828   719   686   709   716
201 190     9429   724   712   724   828   780   779   816   735   798   723   718   718   680   710   766   878   846   839   828   720   686   710   719
205 190     7867   723   708   724   829   782   779   816   736   800   724   720   717   676   708   764   876   845   840   828   719   685   712   715
209 190    10842   725   707   721   828   781   778   815   734   801   723   720   721   675   710   766   878   843   840   828   716   686   713   711
129 194     8469   726   712   723   828   780   779   817   733   800   722   719   720   678   710   766   876   843   841   828   717   682   711   712
133 194     9503   728   709   723   827   781   779   814   731   800   721   719   721   677   711   765   874   846   840   828   720   684   711   716
137 194     8385   726   710   724   826   782   777   817   733   799   721   721   722   677   712   766   875   844   840   830   720   684   712   715
141 194     8657   726   711   724   830   779   775   814   733   800   724   718   722   679   710   766   876   845   838   826   718   683   711   713
145 194     9761   728   713   724   829   779   778   815   733   800   723   720   719   679   711   768   875   845   839   827   715   684   713   711
149 194    12402   729   711   724   828   780   778   817   734   800   724   720   722   677   711   764   877   845   838   828   718   686   712   714
153 194     8915   723   711   724   827   780   778   816   733   801   724   719   720   678   709   769   874   846   839   828   721   685   714   714
157 194    10273   725   712   724   828   781   779   817   733   800   721   717   720   679   712   765   873   843   840   829   721   684   708   716
161 194     8177   729   709   723   826   782   778   816   731   798   722   719   720   681   709   766   875   845   841   829   719   682   711   711
165 194     6564   727   711   722   828   783   777   818   735   799   725   720   721   678   710   764   876   844   841   827   716   685   712   713
169 194     9549   728   712   725   829   779   777   815   734   799   722   719   722   678   711   766   877   845   840   825   716   682   712   710
173 194     7847   728   711   722   828   782   777   814   734   801   726   719   722   676   710   766   876   844   841   827   716   685   713   713
177 194     9800   728   713   724   828   780   776   815   735   800   723   721   721   678   709   765   875   842   839   827   719   684   713   715
181 194     8393   728   711   722   827   782   778   815   732   799   723   719   721   680   708   768   874   845   837   826   722   684   712   716
185 194    11370   729   711   722   825   780   776   819   732   802   724   720   720   678   707   764   874   843   840   830   720   684   713   715
189 194    11982   729   711   724   828   779   778   815   734   799   725   719   722   678   710   766   876   843   841   829   716   686   711   709
193 194    11398   728   709   722   828   782   779   813   734   799   725   720   720   678   708   765   877   844   840   830   715   685   714   710
197 194     8564   728   711   723   826   779   779   816   728   801   723   720   721   679   709   764   873   843   840   828   719   683   712   713
201 194     9189   726   710   725   828   783   776   815   735   801   723   720   720   676   714   766   877   848   840   828   720   685   711   718
205 194     8978   729   712   724   827   777   779   817   730   801   722   718   722   680   711   766   874   844   841   829   720   686   710   714
209 194    10317   727   711   723   827   783   777   817   734   801   724   721   720   676   710   764   878   845   840   826   717   684   712   712
129 198    10603   729   713   726   828   779   777   817   731   801   721   718   721   676   711   766   874   846   839   826   715   684   714   710
133 198    10227   728   711   724   827   780   777   816   732   802   722   721   720   678   711   767   874   845   840   825   717   682   715   712
137 198    11869   729   710   724   823   782   778   818   732   798   726   720   721   677   711   766   874   845   838   828   723   685   714   716
141 198    12515   731   710   722   827   782   777   817   732   794   724   719   721   678   710   765   876   845   841   829   720   684   712   714
145 198     7917   726   710   724   830   783   778   816   736   800   725   720   717   679   710   766   876   843   840   827   716   685   714   715
149 198    11074   727   711   724   829   781   777   817   732   800   725   719   717   677   711   766   877   844   835   828   717   685   711   710
153 198    10510   729   712   725   829   777   779   818   732   802   722   717   721   681   711   764   874   841   840   829   719   683   709   715
157 198    10209   727   710   725   826   782   778   814   734   801   724   722   721   674   711   766   877   846   838   826   721   685   714   716
161 198    10684   730   713   719   827   781   779   814   734   798   722   720   721   678   706   764   876   844   840   829   717   681   713   713
165 198     8199   729   715   721   826   782   778   817   733   795   722   720   722   678   708   763   876   845   840   828   715   681   711   709
169 198     8585   728   712   722   829   779   780   813   735   801   720   721   719   679   710   764   877   842   840   830   718   684   713   716
173 198     9434   727   709   725   830   781   780   814   735   801   723   720   720   679   708   766   876   845   840   828   721   685   710   716
177 198    10120   728   713   721   829   782   779   813   736   801   721   721   720   676   708   766   876   844   840   826   719   686   713   714
181 198     8129   726   711   722   827   781   779   815   733   799   725   722   721   676   710   765   875   846   841   827   718   685   712   712
185 198     7116   726   711   724   825   782   777   816   732   799   723   721   722   678   711   762   876   844   839   829   716   684   714   712
189 198    11778   727   712   722   826   781   779   815   733   799   720   721   721   680   708   764   874   844   841   828   719   684   714   714
193 198     9373   728   709   723   829   780   778   815   733   800   725   721   720   677   710   767   876   845   839   825   719   685   714   714
197 198     9830   728   710   724   825   781   779   815   732   800   720   718   720   679   710   763   875   844   840   829   719   682   712   711
201 198     9575   728   713   722   829   780   778   817   731   800   723   719   718   680   708   765   873   841   838   829   717   685   713   710
205 198    10420   728   711   722   826   782   777   815   733   796   723   721   723   680   710   764   877   844   840   829   717   684   713   714
209 198     8442   730   712   720   826   782   780   818   734   796   722   721   721   677   710   765   875   845   840   829   720   683   714   716
129 202    10911   725   709   723   828   782   782   818   733   801   722   719   719   679   709   762   875   845   841   828   720   683   711   714
133 202    10237   731   714   723   828   781   779   817   733   798   721   718   720   680   709   765   877   845   840   826   715   683   709   712
137 202     9428   725   708   723   828   782   780   818   735   801   723   719   719   676   710   766   876   846   840   828   716   684   711   713
141 202    12183   726   705   724   829   781   778   816   733   800   725   721   720   677   710   767   876   844   840   827   719   686   713   716
145 202    11122   729   710   724   827   782   779   817   728   800   720   718   720   680   711   769   871   845   841   829   721   683   710   715
149 202    12478   728   711   722   828   783   781   814   734   800   725   722   723   675   708   765   875   844   841   828   717   683   714   713
153 202     7218   726   712   722   829   781   777   816   734   800   724   718   720   677   710   768   875   844   837   826   718   684   713   711
157 202    10551   727   710   721   828   783   778   813   735   798   723   720   719   676   709   765   877   846   841   828   716   685   713   712
161 202     9795   727   712   724   825   782   778   817   733   798   724   719   721   677   710   764   875   843   841   830   719   685   711   713
165 202     7646   728   711   722   828   780   779   817   734   801   722   720   721   679   708   765   876   843   838   826   721   684   710   716
169 202    10926   727   713   724   827   781   776   817   734   799   723   720   720   676   708   766   876   845   840   826   721   682   713   714
173 202     9377   728   711   724   827   780   780   816   732   801   724   720   720   678   711   766   875   843   838   827   716   686   712   710
177 202    10645   728   712   724   829   777   777   815   734   800   721   719   719   679   712   766   876   844   837   826   716   683   709   714
181 202    10544   729   712   724   829   780   780   817   734   801   724   719   722   679   712   765   877   843   839   827   721   686   711   716
185 202    12516   731   706   723   826   782   774   818   732   797   724   720   724   676   712   761   877   845   838   829   717   686   713   714
189 202     4526   726   709   724   828   782   780   815   734   802   724   721   722   675   711   766   877   846   840   828   716   685   713   710
193 202     7368   723   707   717   828   782   776   816   735   801   724   717   719   676   708   766   877   845   842   829   715   685   712   711
197 202    11429   727   711   723   829   781   778   815   736   800   723   721   719   677   710   764   877   844   837   830   720   684   713   716
201 202    10409   728   712   722   828   782   779   817   731   800   724   719   721   677   709   766   874   845   840   829   721   684   711   715
205 202    10455   729   712   724   827   782   777   818   734   797   723   721   722   678   713   763   876   844   840   830   721   683   711   715
209 202    11617   731   712   723   828   782   780   815   732   800   722   718   720   679   710   764   875   845   841   828   717   686   711   713
129 206     8952   726   708   724   828   783   777   816   734   801   724   720   718   675   711   766   877   847   840   829   717   685   714   713
133 206     8994   725   710   724   829   781   779   812   734   801   724   722   722   677   711   765   876   844   841   825   715   684   713   712
137 206     9072   722   710   724   829   781   776   817   734   800   725   719   721   677   711   765   878   844   837   829   718   685   715   714
141 206     9738   729   710   723   827   780   780   818   733   801   721   718   722   677   710   765   875   844   839   829   720   682   711   715
145 206     9649   727   709   723   828   784   778   814   734   799   725   720   721   677   709   765   875   845   841   827   721   685   712   717
149 206    11000   727   711   724   829   782   775   815   734   800   722   720   720   679   710   765   878   844   840   826   718   685   709   714
153 206     9121   725   710   723   828   782   779   815   733   801   723   718   718   679   712   764   874   845   841   828   717   683   710   711
157 206     8624   727   710   724   826   780   779   814   733   801   724   718   719   676   711   765   875   845   841   826   718   685   711   713
161 206     9849   729   710   723   829   781   776   815   734   799   723   721   721   678   710   764   876   845   839   827   719   684   713   716
165 206     7236   727   711   724   826   781   778   817   731   797   722   720   721   680   712   766   872   844   841   829   721   681   713   715
169 206    10312   731   713   722   826   780   777   815   731   799   723   719   721   679   707   765   874   842   841   828   717   683   712   711
173 206     9555   726   707   725   830   782   778   812   735   800   724   720   720   678   712   767   875   845   839   826   715   685   714   711
177 206    11774   728   710   724   830   783   777   815   734   801   723   720   720   677   711   764   876   847   840   827   715   683   713   712
181 206    12112   731   712   723   826   780   779   814   732   798   725   721   721   679   710   766   876   844   839   829   718   685   710   712
185 206     6907   729   711   723   826   781   779   816   732   799   722   720   723   677   712   765   876   843   840   828   721   684   710   715
189 206     9799   729   710   722   827   782   778   815   732   803   724   722   721   678   708   765   875   840   840   825   720   685   712   716
193 206    11055   727   713   724   826   783   778   818   731   801   724   720   718   677   708   765   874   844   840   828   720   682   713   714
197 206    11232   729   714   721   829   779   779   816   733   802   719   719   720   679   709   763   875   843   841   830   717   682   713   711
201 206     7082   727   709   721   828   781   777   817   734   797   724   721   722   677   711   765   876   846   840   830   714   685   712   712
205 206    11095   730   713   724   827   782   778   814   734   796   721   720   720   679   709   764   876   845   840   828   718   683   712   713
209 206    10841   729   712   724   826   780   779   816   729   800   722   719   722   679   711   768   873   843   841   829   721   686   709   714
129 210     9275   727   712   720   826   781   779   813   734   800   723   720   720   679   708   764   877   843   840   828   718   681   713   715
133 210     7091   728   709   726   826   782   777   816   732   800   724   720   721   679   711   766   875   845   841   827   719   683   713   709
137 210    11197   729   712   724   828   782   779   816   736   799   723   720   720   679   710   764   877   846   839   829   717   684   711   711
141 210    10240   728   707   723   829   781   779   817   735   801   724   718   718   676   708   766   875   845   840   828   719   684   714   715
145 210     8217   727   710   723   829   780   778   818   733   800   721   720   718   677   710   766   875   843   840   827   722   686   712   718
149 210    10000   729   712   723   827   781   780   816   735   798   722   719   722   679   710   764   877   844   840   828   720   683   711   716
153 210    12188   730   710   726   827   781   779   816   734   801   720   718   721   679   711   765   875   843   839   829   720   685   710   712
157 210    11121   728   713   723   828   780   779   817   733   801   721   718   720   678   710   764   874   843   840   829   717   685   710   712
161 210    10648   729   713   722   826   782   779   814   732   798   722   721   722   676   708   763   874   845   840   828   716   683   713   714
165 210    11233   723   709   721   827   781   778   816   733   800   725   721   721   676   708   763   877   844   839   828   720   685   713   716
169 210     9944   728   711   725   827   784   778   816   730   796   726   718   722   677   712   764   875   847   839   829   721   686   710   715
173 210     8628   730   712   725   829   779   779   815   733   800   723   719   718   678   712   767   875   845   839   827   720   682   713   715
177 210     9182   728   709   722   828   782   776   815   734   799   724   718   720   677   710   766   875   845   841   829   719   682   711   713
181 210     7545   728   712   721   827   782   780   815   734   800   722   720   721   680   709   765   875   845   840   828   715   683   711   710
185 210     7909   726   709   724   828   781   776   814   734   801   724   720   719   676   710   764   877   844   839   828   717   684   711   711
189 210    10903   726   709   725   827   781   779   816   735   801   724   722   721   676   709   765   876   842   842   827   719   685   714   717
193 210    10304   727   712   725   828   777   780   816   731   799   725   718   718   679   711   769   872   841   840   831   722   684   711   716
197 210    10948   729   708   722   829   782   777   815   734   798   724   719   722   677   710   765   877   845   843   828   718   686   713   716
201 210     8978   724   709   724   827   782   776   816   734   801   723   720   722   675   711   766   876   844   839   828   718   686   712   713
205 210     7369   725   708   724   828   778   778   816   735   798   724   722   719   675   708   766   878   841   839   827   717   686   713   711
209 210     8835   729   709   725   828   783   775   817   733   799   725   717   722   676   710   766   875   844   841   827   715   684   710   710
129 214     9783   726   710   721   827   781   777   817   733   801   722   720   720   675   706   765   875   845   841   827   717   683   713   711
133 214     7800   728   710   724   828   782   777   814   733   800   725   720   722   676   710   766   876   843   837   824   717   685   713   716
137 214    10823   729   712   721   829   779   778   816   735   802   720   717   721   678   709   766   876   842   840   828   721   683   712   718
141 214    11945   729   712   723   827   780   776   813   735   800   722   719   718   677   711   765   877   843   838   826   721   685   714   716
145 214    13157   729   708   720   827   782   781   815   735   800   724   721   721   678   707   763   877   845   842   827   717   684   714   713
149 214    10824   728   712   725   831   779   779   817   734   799   723   720   720   678   711   766   875   841   839   828   715   683   709   712
153 214    11749   728   709   721   825   781   780   815   733   801   723   721   721   678   708   764   876   845   842   828   717   681   712   713
157 214    10509   727   712   722   830   781   780   817   735   799   724   718   719   679   709   765   876   844   839   828   721   684   711   715
161 214     9138   729   709   722   828   780   778   816   735   799   723   718   720   677   708   766   876   844   838   828   719   684   712   717
165 214    11468   726   709   724   829   781   780   816   734   800   724   718   721   677   710   766   877   843   842   828   720   685   711   716
169 214     9149   729   713   723   825   781   778   816   733   802   721   719   722   678   709   767   875   845   840   828   720   683   712   712
173 214    11894   727   710   724   829   784   778   817   734   800   723   720   721   676   709   766   877   845   840   830   715   684   710   712
177 214     8554   728   712   724   829   778   778   817   734   800   723   718   721   679   712   762   877   842   839   829   716   682   711   712
181 214    10732   725   711   724   830   783   777   817   735   800   723   720   718   676   711   765   876   846   841   829   720   684   713   714
185 214     9094   727   711   723   828   783   777   818   734   800   725   720   720   676   711   765   876   846   837   826   721   685   711   717
189 214    12544   729   708   722   829   782   779   814   734   801   725   721   720   675   709   766   877   846   842   827   720   686   714   715
193 214     9921   728   711   721   828   779   780   817   732   802   724   716   719   678   712   766   874   840   841   828   719   686   710   714
197 214     9655   728   711   721   827   782   780   814   732   800   720   719   722   678   707   765   874   845   842   830   716   681   712   710
201 214    10555   727   712   722   826   781   779   818   730   800   722   720   722   678   708   765   872   845   841   827   716   681   712   710
205 214     8300   730   711   722   826   780   778   815   732   798   725   720   722   680   711   764   874   843   839   827   718   683   711   714
209 214     9074   728   707   724   829   780   778   815   734   801   722   719   721   677   710   767   877   844   840   827   721   684   711   717
129 218    10723   727   712   726   830   782   779   815   734   800   725   720   719   677   711   765   875   844   840   829   719   683   711   715
133 218     8837   727   709   724   828   782   776   815   733   802   724   720   721   675   712   765   876   847   840   827   721   685   712   715
137 218    12190   728   712   723   825   783   775   815   735   800   724   720   719   677   711   766   875   845   838   828   721   685   714   716
141 218     8449   728   714   723   827   781   780   817   735   798   720   721   720   678   708   761   877   845   841   829   717   681   712   712
145 218    10459   728   712   724   827   780   779   818   732   799   721   719   720   679   711   764   874   844   841   829   715   684   713   710
149 218    10316   724   711   724   827   781   776   817   734   801   723   718   717   678   711   766   877   844   841   829   716   684   712   712
153 218     6689   725   709   724   827   781   779   815   735   801   720   718   719   679   709   763   876   844   840   829   719   683   710   714
157 218     9047   728   712   721   826   779   778   817   734   802   723   720   721   677   708   765   877   842   838   829   723   684   712   719
161 218    12445   727   711   724   827   783   780   814   732   800   723   718   721   677   711   765   875   844   841   826   719   685   714   714
165 218     9723   727   712   722   827   779   775   815   732   800   726   720   722   679   711   765   874   843   838   826   717   684   715   711
169 218     9487   730   711   724   830   783   778   814   735   799   722   719   720   677   711   765   876   843   840   826   717   683   712   712
173 218    10224   728   710   722   829   783   777   815   734   800   723   720   724   679   710   765   876   844   840   827   717   683   713   714
177 218     8167   728   711   725   828   782   776   814   735   798   723   720   720   679   711   765   877   845   838   827   721   684   713   716
181 218     8185   728   709   721   825   782   778   817   733   798   722   720   722   679   709   763   877   846   839   828   720   682   714   715
185 218     9574   730   707   722   828   781   779   815   730   799   721   720   721   677   706   767   873   845   839   827   720   683   713   714
189 218    10382   727   710   721   826   778   778   817   732   802   724   720   720   679   707   764   877   843   841   829   717   684   712   713
193 218     8528   729   711   722   826   780   780   816   734   799   723   720   722   679   707   762   877   844   840   829   716   684   712   711
197 218    12540   729   712   723   828   780   782   816   735   800   722   716   720   680   711   764   876   843   840   828   717   684   711   713
201 218     9750   728   713   721   826   780   776   818   733   799   721   721   721   678   711   766   873   844   839   827   719   682   712   711
205 218     9504   728   712   722   827   779   778   815   733   802   724   720   721   679   711   761   877   842   837   828   723   685   713   717
209 218     7865   726   711   722   829   779   778   815   735   799   721   722   719   679   709   764   876   844   841   828   720   683   714   715
129 222     8506   729   712   724   829   778   778   817   734   804   724   718   720   679   709   763   876   841   840   829   720   687   709   715
133 222    10511   729   710   722   825   779   780   819   735   799   722   720   722   678   707   763   876   844   839   830   719   684   712   712
137 222    10778   727   707   724   830   782   779   816   732   800   725   720   722   678   711   765   876   845   837   826   716   685   711   712
141 222     9622   728   713   722   825   781   779   815   732   798   719   721   721   679   709   763   876   844   839   829   718   681   712   714
145 222     9128   728   711   725   830   782   778   818   733   802   722   719   718   678   712   767   875   844   841   829   720   684   710   716
149 222     8463   728   709   722   829   780   779   816   735   799   723   720   721   678   708   764   876   844   839   828   720   684   712   718
153 222     8597   724   709   724   828   782   778   816   736   801   724   718   719   676   709   765   875   845   841   828   718   684   710   714
157 222    13326   729   711   722   827   781   777   814   734   801   724   722   719   678   711   762   877   842   839   828   720   685   714   712
161 222    12127   730   710   723   828   782   778   817   732   800   724   722   722   677   710   765   874   846   841   827   717   686   711   711
165 222     9053   727   711   723   829   781   780   817   733   801   723   719   720   678   709   765   877   845   839   829   718   683   711   713
169 222    12637   726   710   724   830   782   779   817   736   801   722   717   717   680   710   765   879   844   840   829   722   683   710   718
173 222     9748   727   712   722   826   782   780   816   731   800   726   717   718   679   711   765   876   842   840   828   720   685   711   718
177 222    10490   729   711   722   828   782   777   815   734   799   725   721   721   677   709   764   876   847   842   829   719   686   712   715
181 222     8971   728   711   721   826   780   777   815   732   803   725   718   719   677   710   764   876   843   839   828   718   685   713   713
185 222     9212   730   711   724   828   784   775   815   734   800   725   720   721   677   710   764   878   846   839   826   715   685   714   712
189 222    11366   729   712   725   833   780   778   818   735   801   725   720   719   679   711   765   876   845   838   826   715   687   710   712
193 222     9548   733   711   724   825   781   780   818   731   796   723   719   722   677   711   765   875   846   840   829   718   685   712   711
197 222     9240   726   713   723   827   781   777   816   734   802   722   717   720   679   712   765   876   842   839   828   720   683   711   716
201 222    10330   728   712   723   829   782   780   817   733   798   723   719   720   678   709   766   875   845   840   829   720   683   711   717
205 222     8907   728   710   725   828   780   778   816   732   800   725   720   722   677   711   765   875   843   841   826   718   685   713   713
209 222     8381   728   711   726   828   782   778   815   732   802   724   720   722   677   712   766   875   842   841   827   718   685   710   709
129 226     8236   725   707   723   828   782   778   817   735   801   724   720   720   676   707   766   877   844   842   829   718   684   715   715
133 226     6811   729   712   722   824   779   779   819   733   800   725   721   721   678   711   763   876   843   838   828   721   686   714   716
137 226     9880   730   711   721   828   783   778   815   734   797   723   721   720   679   710   763   877   845   841   830   718   685   713   717
141 226    12965   729   712   724   828   782   779   815   734   800   721   721   722   680   712   767   877   843   841   827   716   683   710   711
145 226     9759   727   714   727   828   778   777   817   735   801   722   716   719   679   712   766   878   843   839   829   718   684   709   714
149 226     9421   728   711   724   830   782   779   816   732   801   723   720   721   676   712   768   876   845   837   828   720   686   711   713
153 226     9734   726   711   722   828   782   780   815   734   799   723   720   721   677   708   765   879   845   841   828   721   684   712   718
157 226    11519   729   709   720   829   781   778   814   733   797   724   721   720   676   709   767   875   847   841   828   717   686   712   715
161 226     8889   728   709   721   828   780   778   814   731   800   723   722   722   678   711   765   874   844   839   827   717   684   714   712
165 226     8294   727   710   723   826   783   779   817   733   802   723   720   719   677   710   765   875   844   840   830   717   684   710   711
169 226     9038   727   711   724   826   781   779   818   733   802   724   720   720   679   708   765   875   843   838   829   715   685   713   709
173 226     6629   728   710   721   825   781   776   816   733   796   725   721   722   679   710   763   876   845   841   828   716   685   713   712
177 226     9189   726   711   724   828   781   779   817   734   801   723   718   722   678   713   766   877   845   839   830   720   683   710   716
181 226     8690   727   712   724   831   782   775   816   733   800   725   718   717   680   711   766   874   846   838   827   719   685   712   716
185 226    10906   728   713   725   826   783   779   816   731   800   718   717   721   679   710   766   873   847   842   829   720   683   710   715
189 226     9634   726   709   724   828   782   778   815   733   801   724   721   720   675   711   766   879   844   840   827   720   684   713   717
193 226    10042   728   712   722   825   781   780   817   731   800   725   720   721   678   709   764   873   839   841   828   720   683   714   715
197 226    11915   729   711   721   826   780   777   816   731   801   723   721   721   679   711   764   874   842   839   828   718   686   712   714
201 226     7471   724   712   725   828   782   778   815   734   798   724   720   719   676   712   765   878   846   839   827   715   683   713   711
205 226     8062   725   713   723   829   780   778   817   735   801   724   721   720   679   710   765   876   844   839   828   717   684   711   714
209 226     9365   728   711   723   827   780   777   817   734   802   723   719   719   678   709   764   877   843   838   828   717   685   711   713
129 230     7568   726   710   723   828   781   776   815   734   801   724   721   719   677   709   767   877   843   839   828   717   684   711   711
133 230    10646   728   712   723   826   780   777   816   734   799   722   720   724   679   711   765   876   843   838   827   716   684   711   713
137 230     8999   728   711   724   828   781   778   814   734   798   723   721   722   679   711   764   877   843   838   826   719   683   713   716
141 230     9392   727   714   723   828   781   779   812   733   794   722   721   720   678   711   764   877   844   841   827   719   683   713   718
145 230     5926   727   711   724   824   780   779   817   734   799   721   721   721   678   712   763   876   843   841   828   723   683   710   714
149 230     9721   729   714   723   828   782   779   817   735   799   722   720   721   677   710   768   874   845   840   828   718   684   710   714
153 230    11478   727   712   725   827   781   779   817   734   802   721   715   720   679   710   766   876   843   842   829   717   682   708   714
157 230    11384   729   710   721   825   780   777   816   732   801   725   721   721   676   710   762   873   845   844   830   717   685   712   710
161 230    10737   729   712   722   827   778   777   812   734   800   723   721   722   680   711   767   877   843   837   828   717   687   714   712
165 230     8317   728   710   721   828   783   777   817   735   797   722   721   720   679   708   766   876   846   839   827   717   683   713   716
169 230     6006   727   712   722   831   779   778   815   734   801   722   720   717   679   709   766   879   843   842   825   720   686   713   718
173 230    10149   724   711   723   828   780   776   817   734   801   725   719   717   678   711   764   878   846   838   829   723   683   711   718
177 230     9679   728   709   721   827   782   780   817   735   799   722   721   722   679   708   763   876   846   840   828   718   683   713   716
181 230     7272   729   711   719   826   783   778   819   735   798   723   721   721   675   706   765   876   845   841   829   717   683   714   714
185 230    14130   727   707   724   829   782   778   813   734   802   725   721   720   677   712   767   878   845   842   825   716   686   712   710
189 230     9520   728   711   721   827   782   780   815   734   799   723   722   721   675   706   763   877   845   841   831   717   685   715   713
193 230     8191   728   713   723   831   784   777   817   731   801   722   721   719   677   712   767   873   844   841   829   720   685   711   715
197 230     8608   730   710   722   828   785   779   815   734   798   723   720   721   674   709   763   875   845   840   829   721   686   713   718
201 230     8615   726   710   725   828   781   781   817   735   800   723   718   719   677   711   766   874   846   840   829   720   683   710   715
205 230    12170   728   712   724   829   781   779   813   735   797   723   721   719   679   711   766   877   845   837   826   718   687   712   715
209 230    11941   729   713   724   825   780   777   813   736   801   722   722   720   679   711   766   876   843   838   825   719   683   715   712
129 234    10682   726   707   723   827   782   780   816   734   801   725   721   720   675   708   764   876   846   841   827   720   685   713   714
133 234     8710   727   710   722   830   783   777   815   735   799   724   720   721   677   711   765   876   845   841   829   716   683   713   712
137 234     7714   726   710   722   827   781   780   815   731   797   724   722   720   677   709   766   875   846   839   828   716   688   713   709
141 234     9541   728   710   722   827   780   777   815   734   802   722   719   720   678   710   764   876   843   838   829   718   684   713   711
145 234    11958   728   711   726   830   780   777   815   732   801   724   721   719   677   711   768   875   843   838   827   719   684   711   713
149 234     7992   727   711   723   827   782   777   817   735   798   723   721   721   679   711   764   877   844   839   828   719   685   712   714
153 234    10054   730   711   724   828   781   777   816   733   800   720   722   723   679   711   765   877   842   839   824   719   682   714   717
157 234    11616   729   711   723   829   780   776   815   735   798   723   724   721   679   712   766   876   844   839   824   720   683   712   717
161 234     9906   725   708   722   831   781   782   817   736   801   723   720   717   679   709   766   876   843   841   829   719   683   713   717
165 234    11579   730   712   719   826   781   780   818   731   800   724   721   720   678   709   764   874   842   840   829   721   685   713   714
169 234     7469   729   712   724   829   782   780   815   735   797   720   719   722   680   712   766   877   846   841   828   719   682   713   714
173 234    11885   729   710   722   828   781   778   815   734   799   724   723   721   676   709   766   877   847   840   826   716   685   713   711
177 234    10605   725   710   725   828   783   776   815   736   801   724   722   719   678   712   765   878   845   838   825   717   685   714   712
181 234    11039   729   710   722   829   781   779   813   733   799   725   720   720   679   708   765   877   845   839   828   716   684   713   712
185 234     9091   730   713   724   827   782   779   817   733   798   722   719   721   679   709   764   875   845   841   828   716   682   712   711
189 234    10642   728   709   722   829   783   778   816   734   800   723   720   721   678   708   765   876   845   839   828   717   685   712   714
193 234     9364   729   710   724   825   782   779   818   731   799   721   718   721   680   710   766   875   845   840   828   719   683   711   713
197 234     6146   726   712   722   828   783   782   814   734   799   722   721   720   679   709   765   876   842   842   826   721   684   713   719
201 234     7523   729   710   723   829   782   777   814   734   799   723   722   721   680   710   766   877   842   838   829   719   683   714   715
205 234     9079   724   713   723   828   781   779   815   732   801   724   720   718   679   710   764   874   845   839   829   718   684   711   712
209 234    10842   727   711   722   827   781   780   817   732   802   724   721   719   678   708   764   875   844   842   829   717   683   713   710
129 238     9509   728   712   724   826   780   777   815   732   799   726   721   722   680   711   768   875   843   837   827   716   685   712   711
133 238     9168   728   710   723   829   781   778   815   735   797   721   720   721   680   708   766   877   845   841   827   717   682   713   715
137 238     9852   727   712   721   826   781   780   816   734   799   723   721   721   679   710   763   876   842   839   831   722   683   713   716
141 238    10157   730   712   722   827   779   777   817   732   801   724   720   721   679   712   766   875   843   838   828   720   685   713   716
145 238    10128   727   712   726   827   781   777   815   734   798   723   720   722   676   711   765   877   844   839   827   721   685   710   716
149 238    10196   727   710   723   829   781   777   814   734   801   725   722   719   677   710   765   876   845   840   828   718   685   713   712
153 238     9838   727   712   722   827   782   780   816   735   800   723   721   719   680   709   764   876   845   840   828   717   684   711   710
157 238    10648   726   712   724   829   779   776   814   735   802   722   719   717   681   711   766   876   843   838   828   718   683   712   711
161 238    10542   726   712   723   825   780   779   819   735   801   724   720   720   678   709   763   877   843   842   830   719   684   711   714
165 238     6811   727   711   722   828   779   780   815   733   801   724   719   720   679   709   766   876   845   839   830   721   683   713   714
169 238    10151   727   712   722   830   780   780   816   732   802   725   719   719   679   711   764   876   842   839   829   723   686   713   716
173 238     9981   727   711   723   828   782   778   817   734   801   722   719   720   679   710   765   877   845   840   827   719   685   712   717
177 238    12734   730   711   724   827   781   778   813   734   798   724   722   721   682   712   764   876   844   839   826   719   683   712   714
181 238     8448   724   711   723   828   782   780   818   735   800   717   718   719   679   709   765   874   844   840   828   718   680   712   715
185 238     8529   724   712   724   828   780   780   816   736   801   724   720   718   674   711   767   876   844   841   825   717   684   714   711
189 238    10968   730   711   722   829   780   778   817   731   801   723   721   720   676   711   765   873   843   839   829   717   683   710   712
193 238     9467   726   710   723   829   781   777   817   735   801   722   720   721   677   710   766   878   846   841   829   720   683   714   715
197 238    11945   727   711   725   827   782   777   816   733   801   723   722   720   680   712   766   875   845   839   827   721   682   713   717
201 238     8786   725   713   721   826   782   779   816   732   797   725   719   721   680   709   764   876   845   841   828   722   685   712   716
205 238    12832   729   710   724   829   781   779   815   733   801   723   719   720   679   712   764   875   845   841   827   721   685   711   716
209 238     8920   727   710   723   829   780   778   815   733   799   724   720   721   679   710   766   877   843   840   828   716   683   714   712
129 242    10652   731   712   722   828   781   776   814   735   798   725   719   718   678   710   764   877   845   841   827   717   683   713   715
133 242     7899   727   706   724   829   781   776   816   733   801   725   722   720   675   710   766   877   845   841   826   717   684   711   713
137 242     7891   728   711   721   825   780   777   818   735   802   724   720   722   679   711   762   876   842   842   828   718   682   713   714
141 242    14316   729   709   722   826   780   779   815   732   801   723   719   721   680   710   763   875   843   841   830   721   683   712   713
145 242     9518   729   712   724   829   783   776   814   734   795   722   719   722   680   711   767   876   845   838   827   721   686   712   717
149 242    10460   729   712   724   828   779   777   816   735   799   722   719   722   680   712   765   877   842   838   828   720   683   709   715
153 242     8239   727   713   723   827   781   778   815   732   799   724   718   719   679   712   765   874   844   842   829   718   685   710   712
157 242    11915   728   710   724   828   779   778   817   734   801   724   720   722   677   711   767   876   844   841   827   716   683   712   712
161 242    10583   727   709   722   828   782   782   814   734   801   723   721   719   678   709   765   877   845   839   830   716   684   712   713
165 242    10824   729   711   725   826   784   779   817   735   801   724   718   722   677   711   762   876   844   841   830   721   686   710   715
169 242     8750   726   713   722   829   782   779   814   736   799   723   721   719   679   709   764   878   846   842   828   724   685   714   719
173 242     9949   729   711   723   824   780   779   819   733   803   725   721   722   680   710   763   874   843   838   827   720   686   714   712
177 242     8197   728   712   723   828   779   778   818   732   801   724   721   723   680   711   764   876   844   838   829   716   684   711   713
181 242    10498   729   714   725   830   783   780   816   733   800   722   719   721   679   712   768   874   844   840   830   715   681   710   710
185 242     7029   729   711   722   828   782   779   815   734   799   723   723   722   676   711   765   877   843   841   827   717   685   713   713
189 242     9206   728   710   719   828   784   779   817   732   801   724   721   719   676   707   768   873   845   843   828   720   685   713   715
193 242     8639   727   710   722   828   783   777   818   733   801   723   721   720   678   709   764   876   846   838   828   721   683   713   716
197 242    10929   726   712   724   827   782   780   816   735   798   721   718   719   678   712   766   878   845   841   828   716   683   708   714
201 242     6829   728   713   723   826   779   777   815   732   800   725   722   722   678   708   766   875   840   839   827   718   685   714   709
205 242    14705   728   712   723   825   782   780   819   732   800   723   721   719   679   710   761   877   845   840   827   720   684   712   715
209 242     9336   731   712   725   827   782   779   817   732   796   723   716   721   678   711   765   875   844   839   829   723   685   711   715
129 246     7899   727   709   722   827   782   778   815   733   801   724   723   723   679   709   765   877   845   841   827   720   682   713   716
133 246     9092   730   710   722   826   780   780   817   733   802   722   720   721   679   710   764   875   843   840   829   721   684   712   715
137 246    12108   726   710   723   829   781   778   815   732   800   724   720   720   678   710   767   875   843   838   827   716   686   714   712
141 246    10254   729   712   724   829   780   778   814   734   799   722   721   719   680   712   766   876   844   838   825   717   687   716   713
145 246     9833   729   711   724   829   782   779   815   736   800   724   719   721   678   711   766   876   845   838   827   716   687   710   712
149 246    10844   727   709   723   828   783   780   816   736   800   723   722   720   677   710   766   879   845   844   828   717   684   715   715
153 246    10353   725   710   724   830   783   779   818   733   800   721   717   717   678   710   764   875   845   841   829   719   683   712   715
157 246     7437   728   712   724   827   782   776   816   732   801   724   720   722   678   711   764   875   844   838   826   719   685   713   716
161 246    10178   728   708   723   829   781   779   812   735   800   724   721   721   678   709   765   878   845   841   829   720   684   714   714
165 246    10127   728   712   724   827   779   777   817   733   800   723   718   723   677   712   766   876   844   839   828   717   685   709   713
169 246    12425   728   709   722   828   781   779   816   732   800   723   721   722   677   709   766   875   845   839   826   715   685   712   711
173 246    12580   727   712   722   827   779   779   818   733   801   722   720   721   680   709   764   878   844   840   828   718   686   711   712
177 246    11283   727   712   725   829   781   779   816   738   800   723   718   719   677   709   766   877   844   840   827   715   685   712   713
181 246    10028   729   711   724   826   779   778   817   733   803   723   721   721   677   710   764   875   843   839   828   716   686   713   714
185 246    10937   727   712   722   831   782   780   815   733   800   721   718   721   679   710   767   875   845   839   828   720   683   711   717
189 246    11391   725   710   726   829   782   780   818   735   801   720   718   719   680   710   765   875   844   840   829   721   682   710   717
193 246     8461   727   712   724   828   779   775   813   735   801   725   721   721   680   712   764   878   840   838   826   718   685   712   715
197 246    10291   729   711   720   825   780   777   816   733   799   725   721   722   678   710   762   876   842   840   831   716   683   712   713
201 246    10810   727   711   724   825   781   778   817   732   798   723   719   721   677   711   765   876   844   842   829   717   681   712   710
205 246     9780   729   712   723   826   780   778   818   733   799   723   719   722   678   711   764   877   845   839   826   718   682   713   712
209 246     9322   728   709   723   828   783   776   815   734   801   725   720   722   678   711   766   877   846   838   826   718   684   712   715
129 250     9698   727   712   721   826   777   777   817   734   801   724   720   720   679   711   765   878   844   840   828   718   685   713   714
133 250    10905   728   710   724   826   782   779   814   733   800   724   720   720   678   710   766   873   845   840   829   721   685   713   715
137 250     6866   726   710   724   825   782   780   819   734   801   724   721   719   677   710   765   874   843   841   828   720   685   712   717
141 250    11911   727   710   725   829   781   780   814   734   798   722   723   720   679   711   766   876   845   841   827   719   683   715   716
145 250     7170   725   709   719   828   781   779   815   734   801   724   721   720   676   707   764   877   845   839   830   720   685   714   714
149 250    11598   729   713   724   826   782   780   818   736   798   720   717   722   680   713   767   876   845   841   828   715   680   708   711
153 250     9858   729   712   723   829   781   781   813   735   798   721   720   720   678   709   765   877   845   840   828   717   683   712   712
157 250    11975   728   711   724   828   782   779   817   733   797   721   717   723   679   712   765   878   845   841   828   719   682   709   716
161 250     8339   728   712   722   826   780   778   817   733   801   724   720   720   678   711   763   877   845   841   827   719   685   715   717
165 250     8772   728   713   724   827   782   779   816   734   801   721   719   721   679   711   762   877   845   841   829   720   683   712   716
169 250    10389   730   711   722   826   779   779   817   734   801   722   721   721   678   712   764   875   844   839   829   719   683   712   714
173 250     6003   726   711   723   828   781   777   816   733   798   723   718   722   680   711   764   876   846   840   829   719   684   711   712
177 250    10287   729   710   722   827   782   779   818   731   800   723   718   721   678   712   764   875   844   841   829   715   683   710   712
181 250     9406   728   711   722   826   782   781   816   733   798   723   721   725   677   711   764   876   845   841   826   718   685   711   714
185 250     9533   727   712   724   828   780   778   817   736   800   724   718   720   678   713   765   878   843   839   828   721   684   710   718
189 250     9442   728   710   722   827   780   778   814   733   800   725   721   721   678   710   765   875   846   838   826   720   685   713   713
193 250     9511   726   708   723   829   783   779   817   733   800   724   719   719   677   710   766   876   843   841   828   717   685   713   711
197 250    10355   729   711   724   826   780   776   815   734   803   724   723   721   679   711   766   878   842   838   826   716   684   712   711
201 250    11408   729   713   723   828   781   781   817   734   799   721   716   722   680   708   766   877   845   841   829   716   682   711   712
205 250    11268   726   713   724   830   780   780   818   735   801   721   717   717   678   715   765   878   845   841   829   718   684   709   715
209 250     8510   728   712   720   825   780   778   817   733   802   723   722   722   678   710   762   877   843   840   831   720   684   713   716
