! Map center:  169,210
129 170    10916   729   712   724   829   781   778   817   735   798   724   721   721   679   711   765   876   845   841   829   716   684   713   711
133 170     8232   726   712   724   828   781   779   817   734   799   723   722   721   679   711   765   877   845   841   828   715   684   713   712
137 170     8933   727   712   723   829   782   779   817   734   800   723   720   719   679   709   768   877   846   841   829   717   685   712   710
141 170    11196   728   713   723   829   782   779   817   735   800   722   721   720   681   711   766   878   844   841   830   720   683   713   714
145 170    10131   728   712   724   827   782   780   817   735   798   722   720   721   678   711   765   877   845   841   829   720   683   712   717
149 170    10484   728   709   723   827   782   779   816   733   799   724   721   721   678   710   765   875   845   839   829   722   685   714   716
153 170     8941   728   712   724   826   782   779   817   734   800   722   720   721   678   711   767   875   845   841   829   718   684   712   714
157 170    10201   728   710   724   828   783   779   815   734   801   724   721   721   677   710   764   877   844   841   829   716   685   713   710
161 170     8683   726   712   724   827   782   781   817   734   801   722   720   720   679   710   765   876   846   841   829   718   686   714   713
165 170    10854   727   711   723   829   784   779   818   733   801   724   720   719   678   710   766   876   845   840   829   718   685   711   714
169 170    10506   729   710   723   828   782   780   817   733   801   723   721   721   678   711   766   876   844   839   828   720   685   713   714
173 170     7694   728   712   723   827   782   779   816   734   801   722   720   720   678   711   765   877   844   841   829   720   683   713   717
177 170     9881   729   713   722   828   781   778   817   735   801   724   721   721   681   710   765   876   845   840   829   720   684   713   715
181 170    11667   728   711   724   829   782   780   815   734   801   724   720   720   679   711   767   876   845   841   829   718   685   713   713
185 170    11001   728   711   724   828   781   780   818   733   800   723   722   721   679   710   765   877   845   840   828   716   685   713   712
189 170    11475   728   710   724   828   782   780   817   732   800   723   721   720   677   711   766   875   845   840   830   716   685   713   711
193 170    10225   729   712   722   829   782   776   816   733   800   724   719   720   678   710   766   876   844   840   830   718   685   713   713
197 170    10194   729   710   724   827   781   780   816   734   800   724   719   721   678   710   766   877   845   840   828   718   685   712   714
201 170    11850   729   713   724   828   782   779   815   734   801   722   721   721   680   710   766   877   844   840   829   720   684   713   716
205 170    12995   729   711   723   829   782   781   818   735   801   722   721   721   678   709   766   875   845   840   828   720   683   713   716
209 170    11594   729   711   725   828   782   780   817   735   799   724   720   720   679   711   765   877   845   841   827   718   685   714   714
129 174     8520   729   711   724   828   782   777   817   734   801   723   721   722   679   711   765   877   844   839   828   720   686   713   717
133 174    11661   729   712   723   829   780   778   816   733   800   723   720   721   678   711   765   877   845   839   830   717   685   713   713
137 174     9855   729   713   725   829   782   780   818   734   799   722   719   721   679   710   767   875   845   842   828   715   684   711   710
141 174     7734   728   711   724   829   782   780   817   735   801   723   719   721   679   710   766   877   845   841   829   717   684   711   713
145 174    13015   730   713   725   829   784   779   818   731   801   723   720   721   677   709   766   874   846   842   829   718   684   714   714
149 174     9575   728   711   724   829   782   779   816   733   801   723   721   721   680   711   765   877   844   840   828   720   686   711   717
153 174    11649   727   712   723   829   781   779   817   733   800   724   720   719   678   709   766   876   844   841   829   721   686   712   716
157 174    11537   729   711   723   827   782   779   819   734   799   723   721   721   679   711   764   876   844   840   828   720   685   714   713
161 174     9550   727   712   723   828   782   778   817   732   802   724   722   720   680   710   766   876   845   840   828   715   684   713   711
165 174    10513   729   712   723   828   782   780   816   733   800   724   719   721   679   709   765   876   845   841   830   718   685   713   712
169 174    11196   727   713   724   828   782   779   816   733   799   723   720   719   678   710   766   877   848   840   829   721   685   713   717
173 174    11946   729   712   723   829   781   779   817   733   800   723   719   721   679   712   766   877   845   840   828   720   684   711   718
177 174     9691   729   712   726   828   779   779   817   735   801   724   719   722   679   711   766   879   845   839   829   718   686   711   713
181 174    11955   727   712   724   827   781   778   818   734   801   724   723   719   680   710   766   876   845   840   827   715   685   712   713
185 174    10077   725   711   722   827   782   777   817   734   801   723   719   720   679   711   766   876   845   840   829   716   685   712   711
189 174     7375   727   711   723   829   781   778   817   734   801   724   721   722   680   712   766   877   845   839   829   718   684   714   715
193 174     9051   727   711   724   827   779   780   817   734   802   723   721   720   679   711   765   877   845   842   829   721   684   713   717
197 174     8570   728   710   724   828   783   777   817   734   801   724   721   721   678   711   765   877   845   840   829   720   685   713   716
201 174     7950   728   711   721   828   782   779   817   732   801   723   720   721   679   710   765   875   845   840   829   720   685   713   715
205 174     9998   727   712   722   829   782   778   817   734   800   723   720   720   680   709   766   877   845   841   829   717   685   711   712
209 174    11345   729   710   722   829   782   779   817   731   801   724   720   721   678   711   765   875   846   840   829   716   685   714   711
129 178    10053   728   712   722   826   781   780   816   734   801   724   721   721   679   712   764   877   845   840   829   718   685   713   712
133 178    10868   730   712   724   829   781   780   816   734   800   724   721   721   678   711   765   876   846   839   829   716   685   714   711
137 178    10116   726   713   723   830   782   778   817   734   801   724   721   719   679   711   764   877   843   841   829   715   685   713   711
141 178    10274   729   709   721   828   781   778   816   732   801   722   720   722   677   709   765   874   846   841   828   717   684   713   713
145 178     8788   729   713   723   826   782   779   818   735   800   725   720   723   680   712   764   877   845   839   829   716   685   713   713
149 178     8486   727   712   724   828   783   778   817   734   802   724   720   719   679   711   766   877   844   841   829   718   685   713   712
153 178     8620   728   710   724   829   780   780   817   734   801   722   720   721   680   711   766   877   845   842   828   720   684   715   716
157 178    13286   727   712   723   830   783   778   818   734   801   723   719   719   678   710   766   876   844   841   831   721   686   709   717
161 178     8379   728   711   723   827   782   778   816   733   802   724   719   720   679   709   766   876   843   840   828   720   685   711   715
165 178     8548   728   712   724   828   780   777   817   734   802   723   718   721   679   711   766   876   845   841   829   717   685   713   712
169 178    11165   729   712   725   828   780   780   816   734   800   723   722   721   678   712   766   877   845   840   828   716   684   714   712
173 178    12729   730   710   724   829   782   779   817   734   801   723   720   721   679   711   766   876   845   842   830   716   685   711   713
177 178     8718   728   710   722   828   782   777   817   732   800   724   720   721   679   710   766   876   846   841   830   719   684   713   713
181 178     9991   729   711   725   828   782   778   817   734   801   723   721   720   679   710   766   878   845   840   826   720   683   715   716
185 178     6364   727   711   723   826   780   780   815   734   801   723   721   720   679   712   764   877   844   838   828   720   687   712   716
189 178    12308   730   709   724   828   781   779   818   734   800   724   719   721   679   712   766   877   845   839   827   719   684   710   714
193 178    10895   729   711   723   828   781   780   817   734   801   723   721   721   678   711   766   876   845   840   826   715   684   712   710
197 178    11444   729   712   724   829   779   780   817   734   801   723   719   721   679   711   765   877   846   841   828   717   685   714   712
201 178    11874   726   712   722   828   782   780   815   734   801   724   720   718   679   711   765   877   844   840   827   718   685   711   713
205 178    11309   729   711   724   829   780   779   817   734   801   724   721   721   678   709   766   875   845   840   827   721   685   710   716
209 178    12417   730   710   722   828   781   780   817   732   801   724   721   721   679   710   766   874   845   839   828   721   684   713   717
129 182    12735   729   712   723   829   781   779   817   736   800   723   721   721   679   709   765   876   845   841   828   720   684   712   716
133 182     8764   728   710   724   827   782   780   817   734   801   725   721   720   677   711   764   877   845   839   829   720   686   713   716
137 182    10860   728   713   723   829   780   778   817   734   801   724   721   721   679   711   765   876   843   841   828   718   684   713   714
141 182    12596   730   710   723   829   781   779   817   732   801   724   721   721   679   713   766   875   845   839   829   717   685   714   712
145 182     8656   729   710   723   827   781   779   818   733   801   723   724   721   679   711   766   876   845   840   826   718   682   713   715
149 182     5813   727   711   724   828   782   779   817   735   801   724   719   721   679   710   766   877   844   840   828   721   685   713   717
153 182     8745   728   710   724   827   781   779   817   734   801   723   722   721   678   711   765   877   845   840   829   720   683   713   716
157 182    10342   729   712   724   828   782   778   817   734   800   723   720   721   680   712   764   877   843   840   829   716   685   712   710
161 182     8886   728   711   723   828   782   780   817   734   801   723   720   722   680   710   765   877   845   841   829   718   685   712   711
165 182    11168   729   712   722   828   780   777   818   733   800   723   720   721   679   710   765   876   846   840   828   719   685   713   715
169 182     9141   729   710   724   828   783   779   818   733   801   722   721   721   677   711   766   876   845   841   829   721   683   713   717
173 182    10803   728   712   724   829   778   779   817   734   801   723   722   720   678   710   765   876   845   840   829   718   686   713   715
177 182     8952   726   712   719   828   782   779   817   734   800   724   721   721   679   707   766   877   845   841   829   717   686   714   712
181 182     8958   728   712   723   829   783   780   817   736   801   725   719   721   679   712   767   875   846   840   829   717   685   711   711
185 182    16157   731   716   724   828   781   779   817   735   801   719   721   721   681   711   766   875   846   841   829   719   680   713   714
189 182     8429   729   712   723   829   783   780   817   732   801   724   721   722   679   708   766   875   845   841   829   720   685   713   716
193 182     9807   729   712   724   829   777   779   817   734   800   723   720   720   678   710   764   876   845   841   829   721   684   713   715
197 182    11230   729   712   724   829   782   779   817   735   801   724   720   721   678   709   767   877   844   841   829   720   685   713   716
201 182    11621   729   712   724   828   783   779   817   734   801   723   720   722   678   711   766   876   845   839   829   717   684   713   713
205 182    10438   729   712   722   829   781   781   817   734   801   724   720   721   679   710   766   878   846   840   828   716   685   711   712
209 182     8841   728   709   724   828   781   779   817   733   801   724   722   721   677   711   766   876   845   840   829   715   685   713   711
129 186     8408   726   712   723   827   782   779   817   734   802   724   720   719   679   709   764   877   844   841   828   721   685   714   715
133 186     8473   728   712   724   827   780   779   817   734   801   722   720   721   678   713   765   877   845   840   830   719   683   713   715
137 186     9992   729   711   723   829   781   779   818   733   801   725   720   721   678   711   766   876   845   839   828   716   685   713   711
141 186     9423   728   712   722   829   781   780   817   733   800   724   720   721   679   709   766   875   845   840   828   716   685   712   712
145 186    10103   728   711   724   825   782   780   817   734   799   724   721   720   679   709   763   877   843   840   830   717   685   713   712
149 186     8410   728   712   721   828   781   779   817   735   801   725   721   721   678   708   766   877   846   839   828   718   686   711   715
153 186    10235   729   711   722   829   782   779   818   732   800   724   720   721   677   709   766   877   845   841   829   720   685   713   717
157 186     8452   728   711   724   826   780   780   817   734   801   724   722   721   679   712   763   876   845   840   829   720   684   713   717
161 186     7937   728   712   724   829   781   779   817   734   800   724   721   721   679   711   765   876   845   839   828   720   686   713   716
165 186     7938   730   712   723   828   782   779   817   734   799   724   718   721   679   710   766   876   846   841   828   717   685   711   714
169 186    11155   729   712   722   829   782   779   817   734   801   726   721   721   679   709   766   878   845   838   828   717   685   714   712
173 186     8286   729   712   723   829   781   779   817   731   801   722   720   721   679   711   766   874   845   840   829   716   683   713   713
177 186    10799   729   713   723   829   782   780   818   735   801   722   718   721   678   712   765   876   845   840   829   719   682   710   714
181 186    10729   729   710   722   828   782   780   817   734   801   723   720   721   677   711   766   875   845   840   830   720   685   713   716
185 186     8868   729   713   721   828   782   778   817   734   800   724   722   722   679   709   766   876   843   840   828   720   685   713   716
189 186    10119   729   713   722   828   782   779   817   733   801   722   721   721   679   711   766   874   845   840   829   719   682   713   716
193 186    12664   728   712   724   829   782   780   817   734   798   724   722   720   679   711   765   877   844   841   828   716   685   712   713
197 186     9389   728   710   724   826   782   780   816   734   801   722   721   721   679   712   763   876   844   838   829   716   685   714   713
201 186    12560   730   709   724   828   780   780   818   734   800   724   721   722   677   713   764   876   845   841   828   715   684   713   711
205 186    11796   729   712   723   828   779   780   817   735   800   723   720   721   679   710   766   878   846   840   827   718   685   710   715
209 186     8692   728   712   722   828   782   779   817   734   801   724   719   722   679   711   766   876   843   840   830   721   685   711   716
129 190    10182   729   711   724   828   780   777   817   735   800   724   719   722   679   710   766   876   845   841   828   719   686   714   715
133 190     9543   729   712   724   829   783   778   817   733   801   724   719   721   679   714   765   876   845   839   829   720   686   712   716
137 190    11735   729   713   724   827   782   780   816   734   800   723   721   721   679   711   765   876   845   839   829   720   686   714   717
141 190     8572   728   710   724   828   782   779   817   734   800   722   721   720   677   712   766   875   845   840   830   719   684   713   714
145 190    11467   729   712   724   828   782   779   817   734   801   724   721   720   679   712   764   876   845   839   829   716   684   712   711
149 190    10743   728   712   722   830   782   779   818   734   802   724   721   719   680   709   765   877   844   842   828   718   685   713   712
153 190     9172   729   712   723   827   782   777   818   732   802   724   720   721   679   711   764   877   843   840   828   717   685   714   712
157 190    12908   729   710   723   828   782   779   816   734   800   724   719   721   678   711   766   877   845   841   830   718   684   714   713
161 190    10113   730   713   723   829   782   780   818   735   798   722   720   722   680   711   765   877   844   841   829   717   684   712   713
165 190    10574   729   710   723   828   782   780   818   734   800   724   719   721   677   708   765   874   846   841   829   720   686   713   717
169 190     8494   728   712   724   828   782   779   817   734   800   723   719   720   680   711   767   877   845   841   829   720   685   710   719
173 190     6972   726   711   723   830   781   779   817   735   801   725   721   719   678   712   763   877   846   841   828   719   684   714   714
177 190     7388   728   712   722   828   782   779   817   734   801   722   719   721   678   710   765   877   845   841   828   717   683   713   712
181 190    11677   728   709   721   829   782   778   817   732   801   723   720   720   678   711   765   874   846   841   831   717   685   714   712
185 190    10801   729   713   724   828   781   780   817   733   801   722   721   720   679   711   765   876   846   841   830   716   683   712   712
189 190    11365   729   711   724   828   781   780   816   733   799   722   721   720   678   712   767   876   846   840   831   718   683   713   714
193 190    12436   727   712   723   828   781   779   817   734   802   724   722   719   679   712   767   876   845   841   829   720   684   713   715
197 190    12226   730   712   724   828   782   780   817   734   800   724   721   721   680   711   766   877   845   842   830   718   684   713   717
201 190     9168   728   712   722   828   782   781   816   733   800   723   721   721   679   708   766   875   846   842   828   719   684   713   716
205 190     8316   728   712   723   828   779   779   817   733   800   722   720   721   679   710   765   876   846   840   829   717   685   713   711
209 190    11050   729   712   724   826   782   779   817   734   800   723   721   721   677   711   764   876   847   839   829   716   684   713   709
129 194    12196   729   712   725   828   782   778   817   734   800   724   721   721   679   711   766   876   846   838   830   718   685   713   715
133 194     9133   727   712   723   828   781   779   815   735   802   724   721   720   679   711   766   876   844   841   829   718   686   713   711
137 194     8972   729   711   724   826   779   779   818   733   801   724   720   721   679   712   764   876   845   840   829   716   684   713   712
141 194     9982   728   711   724   828   782   778   819   734   799   724   722   721   678   711   766   877   845   841   826   717   684   712   714
145 194     8384   727   708   723   830   782   778   816   733   801   724   721   720   678   712   768   876   845   841   828   718   684   714   712
149 194     9016   727   710   723   827   782   779   817   735   801   723   720   721   678   711   765   876   845   840   828   719   684   712   715
153 194    10827   729   709   723   829   782   780   818   733   800   724   720   721   678   710   766   875   845   839   829   719   684   713   716
157 194     9023   729   712   724   827   782   780   813   734   802   724   721   721   680   711   765   877   844   840   830   719   684   714   717
161 194    13710   732   712   726   828   782   778   816   734   798   723   719   721   680   711   766   877   845   841   829   717   684   713   714
165 194    11669   728   712   724   830   782   780   816   734   800   723   719   721   680   713   767   877   844   841   829   716   685   710   710
169 194     7378   728   711   723   827   783   779   815   735   801   721   721   720   678   710   766   878   844   840   829   716   683   713   711
173 194    13479   729   711   725   829   783   780   818   733   800   723   720   722   678   711   765   876   845   840   830   718   685   713   713
177 194    11998   729   713   725   828   780   778   817   732   800   723   719   721   680   709   765   875   845   842   828   717   685   714   714
181 194     9605   727   712   724   829   782   779   817   735   799   723   722   720   679   713   765   877   846   841   827   719   685   713   713
185 194    10836   730   710   725   828   782   779   818   734   799   723   721   721   677   711   765   877   846   839   829   720   685   713   717
189 194     8996   728   710   723   829   782   778   816   734   800   722   721   721   678   711   765   876   845   840   827   720   684   712   715
193 194     9940   729   709   723   829   782   780   818   734   801   725   720   721   678   710   766   875   845   839   829   719   687   713   714
197 194     9500   730   709   724   829   780   779   818   735   799   724   722   721   679   711   765   877   846   841   828   715   684   713   712
201 194     8683   729   713   724   829   782   779   816   733   800   722   720   722   680   711   766   876   845   840   830   716   685   713   711
205 194    11669   727   711   724   828   782   780   817   733   798   724   719   719   678   711   765   876   845   840   829   717   685   713   714
209 194    12325   727   711   723   826   780   779   818   732   800   721   720   721   678   711   764   876   845   838   830   720   684   713   716
129 198     8499   728   711   723   828   781   778   817   735   801   724   720   721   679   710   766   879   844   840   829   716   684   713   711
133 198     9475   728   712   723   827   782   778   816   733   800   723   719   721   679   710   765   875   844   840   829   719   685   713   715
137 198     8795   730   711   724   827   782   778   817   732   799   723   721   721   681   711   765   877   844   840   829   719   685   713   717
141 198    11200   728   711   723   825   783   779   818   733   801   724   719   721   678   710   762   876   846   840   829   720   685   713   718
145 198     9588   729   712   724   826   782   779   817   735   801   723   720   722   679   709   764   877   846   839   829   720   685   712   715
149 198     8441   727   709   723   829   781   781   818   736   801   725   720   721   677   710   767   875   845   841   828   720   684   712   714
153 198     8956   728   712   723   829   782   779   817   737   800   722   720   721   679   710   765   877   844   840   829   717   682   711   711
157 198    10454   729   710   723   828   782   780   817   735   801   723   721   721   677   710   765   876   844   840   829   715   685   713   712
161 198     8969   729   711   725   828   782   779   817   733   800   723   721   721   679   711   765   877   844   841   829   717   685   713   711
165 198     9383   728   711   723   825   781   779   818   735   800   723   721   722   679   711   763   876   847   840   829   719   686   710   714
169 198     9710   727   712   724   829   781   780   817   733   800   723   722   719   680   711   766   875   844   840   827   719   685   711   715
173 198    11328   726   713   723   830   781   780   817   733   801   724   722   721   680   711   766   876   845   841   828   720   684   712   717
177 198     9237   727   712   724   827   782   780   816   734   801   724   720   721   679   711   764   877   845   842   828   720   685   713   716
181 198     7712   727   711   723   827   782   777   818   732   801   723   720   722   679   710   766   874   844   839   830   717   685   712   715
185 198     9729   728   712   723   829   780   779   817   734   800   724   722   721   680   712   766   876   844   838   827   716   684   712   710
189 198     9705   728   712   722   827   780   779   817   734   801   724   721   720   680   712   766   876   844   840   828   718   684   713   713
193 198    11951   729   712   724   827   782   780   817   734   800   723   720   721   679   712   766   875   846   839   829   716   686   712   714
197 198     7881   728   712   723   826   782   778   815   733   801   722   721   721   679   710   765   876   845   840   828   717   683   713   713
201 198     8065   728   712   724   828   780   778   817   734   801   724   720   721   680   711   765   876   845   840   827   715   685   713   711
205 198     9502   728   711   723   828   782   779   817   733   800   722   718   720   679   711   765   876   845   841   829   718   683   713   713
209 198     9231   729   712   725   828   781   779   818   732   800   724   720   720   680   711   765   875   845   840   829   717   685   713   716
129 202     9375   726   711   724   828   782   779   818   735   800   723   720   721   679   710   764   877   845   839   829   716   686   713   713
133 202    11093   728   712   722   829   781   778   817   733   801   723   721   720   679   711   763   877   846   840   830   718   684   713   714
137 202     9834   729   709   723   828   782   779   817   733   801   724   719   721   677   713   766   876   845   841   830   720   685   711   714
141 202    10061   728   711   723   828   784   781   817   734   800   723   721   721   678   709   765   876   845   840   829   721   685   713   716
145 202     9788   728   711   724   828   782   780   816   734   802   724   720   721   680   711   767   876   842   840   828   719   685   712   714
149 202    13302   729   712   723   827   783   778   815   733   800   723   721   721   678   711   765   877   846   840   829   716   685   712   713
153 202     9512   726   712   724   828   782   780   818   735   801   722   721   719   679   709   765   876   845   841   829   716   683   713   712
157 202     9752   729   711   724   828   782   779   817   734   799   724   721   721   678   711   765   877   845   840   829   718   685   712   712
161 202     9392   729   713   724   829   782   777   818   735   799   723   721   720   679   711   765   879   844   841   829   717   684   710   714
165 202     8083   726   711   723   828   782   778   817   733   798   723   720   722   679   711   765   876   845   841   829   721   684   713   719
169 202     8700   729   712   724   829   780   778   817   734   800   724   719   722   680   713   766   876   846   840   829   720   684   712   718
173 202    10605   729   711   724   828   782   779   818   735   801   723   720   720   680   709   765   877   845   840   829   720   684   713   715
177 202     9817   729   712   724   828   782   779   817   735   800   721   720   721   681   710   766   876   845   840   829   717   683   713   711
181 202    10776   729   713   724   829   782   780   816   732   801   722   720   721   679   710   767   875   843   840   829   717   684   713   711
185 202    10254   728   712   724   828   781   779   816   734   801   724   721   721   680   710   766   876   844   842   828   717   684   710   713
189 202    12224   730   711   722   828   782   780   817   734   801   724   720   720   678   709   765   878   843   841   828   720   684   713   716
193 202     7310   727   711   724   827   781   779   817   734   801   725   720   721   679   711   765   877   845   839   829   719   684   712   714
197 202    10545   728   712   723   828   782   777   817   733   799   724   721   722   678   712   766   875   846   840   829   715   685   712   712
201 202    12993   730   712   724   828   782   779   817   734   799   723   721   721   679   712   766   876   845   841   831   716   685   713   712
205 202     9222   728   713   724   827   780   779   818   734   800   725   720   721   679   711   766   876   845   839   829   717   685   711   713
209 202    10620   729   711   723   829   782   778   816   734   801   723   720   721   678   712   767   876   844   841   829   719   685   713   716
129 206    10801   728   710   724   828   782   779   818   734   800   724   721   720   677   711   765   876   845   841   828   720   685   713   714
133 206    11993   728   711   724   828   782   778   817   733   800   722   720   721   681   711   766   874   845   843   829   720   683   713   717
137 206    10867   730   709   723   828   784   781   817   734   800   723   720   721   676   708   766   876   845   841   828   718   685   713   715
141 206    11025   729   712   725   828   780   778   817   733   800   724   722   720   679   711   766   877   844   841   829   716   686   714   710
145 206     7438   728   712   723   827   782   779   817   733   800   725   720   721   679   711   764   876   845   839   829   717   686   713   714
149 206     8814   729   713   722   829   781   779   816   734   803   723   721   720   679   711   766   877   843   839   828   720   685   713   716
153 206     7860   728   710   724   827   782   779   816   734   800   724   720   721   678   711   766   876   845   841   830   721   685   713   717
157 206     9359   729   712   723   827   780   779   816   734   801   724   721   720   679   710   765   876   843   840   829   719   684   713   713
161 206     8934   728   712   722   830   783   777   817   734   800   724   721   721   678   711   765   875   845   841   828   716   685   712   710
165 206     7219   728   712   723   827   782   778   816   733   802   724   721   721   679   711   765   875   845   839   829   717   684   713   712
169 206    12106   729   710   723   829   782   780   816   734   800   722   720   721   679   711   766   876   844   841   828   718   683   715   714
173 206    12300   728   712   723   828   782   780   816   735   799   721   722   720   680   711   766   876   843   841   828   720   683   713   717
177 206     9448   726   711   723   827   782   779   817   734   798   724   721   719   678   709   766   876   846   840   828   719   685   712   716
181 206    12562   728   713   722   828   781   777   818   734   800   722   721   721   678   712   764   875   844   838   828   719   682   712   715
185 206    12467   729   711   723   828   783   780   817   733   800   723   721   719   679   710   766   876   846   841   829   717   684   714   714
189 206     9991   729   709   723   828   782   779   815   735   801   724   721   721   677   711   767   876   845   840   828   717   685   713   710
193 206    10356   729   712   723   829   779   779   817   732   800   724   721   722   679   711   765   875   846   839   828   716   684   714   713
197 206     9671   729   709   724   829   782   779   817   733   801   725   721   721   680   711   766   877   845   841   827   719   685   714   713
201 206     8537   727   711   724   829   784   778   817   733   799   724   720   722   677   712   767   875   845   841   828   721   685   713   718
205 206    10458   729   712   726   829   782   779   817   732   801   724   720   720   679   709   765   878   844   839   829   721   685   713   717
209 206     8872   728   714   721   828   781   778   816   732   801   723   721   722   680   711   766   875   846   840   827   717   683   713   714
129 210     7637   728   712   722   828   782   779   815   734   801   723   720   722   679   710   766   876   843   841   829   719   684   713   715
133 210     9494   729   712   724   828   782   779   817   735   799   724   721   721   679   712   767   876   846   841   828   715   684   713   711
137 210     6627   728   713   724   829   782   780   816   734   800   723   719   721   679   711   766   876   845   841   830   715   684   712   711
141 210    12100   730   711   721   828   783   779   817   733   801   724   721   721   678   710   766   875   844   842   829   720   685   714   715
145 210    12146   729   712   724   830   783   779   817   735   800   724   720   720   678   711   767   877   845   840   828   721   684   713   717
149 210    13715   729   712   724   829   782   780   817   734   800   721   720   721   678   712   766   875   845   840   829   720   681   711   718
153 210    10020   728   712   724   827   780   779   816   734   801   723   720   719   679   711   765   876   843   843   829   716   685   713   712
157 210     8603   728   710   724   828   783   779   816   733   800   723   721   721   678   711   765   877   845   840   829   716   684   714   712
161 210    11832   729   713   724   828   782   779   817   733   800   724   721   720   679   711   766   875   845   840   827   719   685   713   715
165 210    11110   728   712   723   828   780   778   817   733   800   722   721   721   679   712   766   874   845   840   830   721   683   713   718
169 210     8607   730   712   722   827   782   779   817   735   800   724   719   721   679   711   766   878   845   840   828   718   686   712   716
173 210    12910   729   711   724   828   782   779   817   733   799   722   720   722   680   711   766   876   845   838   827   715   684   711   711
177 210    10603   729   713   724   828   780   779   816   734   801   723   721   721   680   711   766   878   845   839   829   717   685   714   711
181 210     9783   729   712   723   827   782   778   818   735   800   725   720   721   678   711   765   877   844   841   828   720   685   711   714
185 210     9747   728   711   724   826   782   780   816   734   802   724   721   721   678   712   765   876   846   840   830   721   685   714   717
189 210    11046   729   713   722   829   781   778   817   732   801   724   720   721   678   708   765   874   845   839   828   719   684   713   715
193 210    10007   728   711   722   828   781   778   818   735   800   723   720   720   679   711   767   877   846   841   830   717   685   714   711
197 210     8062   727   711   724   829   783   780   817   733   801   724   720   721   678   711   766   876   844   840   828   718   684   711   713
201 210     6441   727   712   724   830   782   780   816   735   800   725   720   720   680   711   765   877   845   839   829   721   684   713   716
205 210    11183   729   710   723   828   782   780   816   733   801   721   720   721   679   711   765   877   845   841   829   719   683   714   714
209 210    11301   729   712   723   828   782   780   817   734   801   723   720   719   678   712   766   876   844   841   829   717   685   712   712
129 214    12857   730   710   724   828   782   779   818   734   801   724   721   722   678   711   766   877   844   840   828   716   685   713   711
133 214     9733   729   712   723   829   781   780   817   733   800   723   720   720   678   710   765   876   846   841   827   720   684   713   715
137 214    11391   730   712   724   829   783   779   817   734   799   723   721   720   679   711   767   876   845   841   827   720   685   712   718
141 214    11598   729   712   724   829   782   779   818   734   799   724   720   721   679   711   765   876   846   840   826   720   685   713   718
145 214    11113   730   711   724   829   779   777   817   734   801   723   720   722   678   712   765   877   845   841   830   717   685   713   713
149 214    11327   730   709   721   828   781   779   818   732   801   724   721   721   676   711   766   874   846   841   829   717   685   713   712
153 214     7877   729   712   724   829   783   779   818   734   799   724   721   721   679   711   766   877   845   841   828   718   684   712   717
157 214    10872   729   712   724   828   782   779   816   735   800   721   721   722   680   711   766   877   845   841   829   720   682   714   717
161 214    10655   729   710   724   827   780   779   817   734   799   724   720   720   677   711   766   876   845   840   830   719   685   713   714
165 214     9415   728   712   723   829   784   780   817   732   799   723   720   721   678   711   766   875   845   839   827   716   685   711   712
169 214     9384   729   712   722   828   783   780   818   733   801   723   721   719   679   709   766   877   843   841   830   716   685   714   712
173 214     6356   728   711   722   827   781   778   817   735   801   723   719   721   679   711   765   874   847   840   829   719   683   711   716
177 214    12051   730   710   724   827   781   780   818   733   799   721   721   721   677   712   764   875   845   838   829   719   684   713   716
181 214     9312   729   713   722   827   782   780   818   734   801   722   721   721   680   710   767   876   845   839   828   721   684   712   717
185 214    11596   729   713   721   829   782   778   816   734   801   724   722   721   679   711   766   876   843   841   827   718   685   712   714
189 214     8824   727   713   724   829   780   780   816   734   800   723   721   720   680   711   766   876   844   840   829   717   684   713   710
193 214     9516   729   712   723   826   782   780   818   734   801   724   721   721   679   710   764   877   843   840   829   716   685   714   712
197 214    11020   728   711   724   827   783   779   816   735   801   722   721   721   677   711   765   876   844   841   829   720   684   713   716
201 214    10207   728   710   724   828   783   779   816   732   800   725   721   721   677   711   766   875   845   840   829   720   686   714   718
205 214    11005   728   711   723   827   783   779   815   733   800   723   720   722   678   711   765   876   846   839   829   718   683   713   716
209 214    10934   729   712   724   828   782   780   817   733   800   724   721   721   678   711   766   876   847   841   828   717   684   711   712
129 218    11734   729   712   724   828   780   779   816   735   800   723   721   720   679   710   765   876   845   840   829   718   685   713   713
133 218    11094   729   711   724   829   780   777   818   734   800   723   719   721   678   711   766   876   845   840   828   716   685   713   712
137 218     8545   729   713   724   828   780   779   816   734   800   724   720   721   679   711   764   876   843   840   828   717   686   712   713
141 218    11124   729   711   724   828   779   780   817   733   801   723   719   719   679   711   766   876   845   841   829   719   684   711   715
145 218    10679   729   712   722   828   782   779   817   733   801   724   721   721   677   711   766   875   845   841   829   720   684   713   717
149 218    10424   730   711   722   828   782   781   818   734   800   723   717   721   677   710   766   878   845   840   830   719   685   712   715
153 218    11518   730   711   723   829   780   776   817   732   800   722   721   721   678   712   766   874   845   841   829   717   683   712   713
157 218     6668   727   712   723   828   781   780   817   734   800   723   720   720   678   712   765   876   845   838   829   715   685   713   712
161 218    12229   729   712   723   827   783   779   816   733   799   723   721   719   679   711   766   876   845   841   828   716   685   709   714
165 218    11518   729   712   724   828   781   779   817   734   801   722   720   721   679   711   765   877   845   838   829   720   685   711   716
169 218    10521   728   712   723   829   781   780   816   733   801   724   721   721   680   710   766   876   846   840   827   720   684   715   717
173 218     7420   728   711   724   827   782   779   815   732   799   721   721   722   677   711   765   875   845   841   829   718   682   713   714
177 218     8423   727   710   724   829   782   780   816   734   801   724   721   718   677   711   766   876   845   840   829   717   686   713   712
181 218    11081   729   711   723   828   781   779   818   735   801   724   720   721   678   710   766   876   845   839   828   716   684   713   712
185 218    11122   728   711   725   828   780   779   818   734   800   724   721   720   677   711   766   876   845   839   830   718   685   712   713
189 218    10889   729   711   723   829   783   780   817   734   802   724   721   722   679   709   766   877   843   840   828   719   685   714   715
193 218    10639   727   711   724   827   780   780   818   734   800   722   721   721   679   711   766   876   845   841   829   720   683   714   715
197 218    10663   730   711   723   828   783   778   817   734   799   724   720   721   679   710   766   875   846   840   827   715   684   713   711
201 218     9758   726   712   724   826   782   779   817   735   799   724   720   721   679   711   764   877   845   840   829   716   686   714   714
205 218    10918   730   710   724   827   783   779   817   734   801   724   721   721   678   711   764   876   844   839   829   718   684   713   714
209 218     8144   727   712   723   828   783   780   816   734   803   723   721   719   679   713   765   877   844   840   829   722   684   712   716
129 222     9164   729   711   724   829   782   779   817   733   800   724   718   722   679   711   766   876   845   841   828   720   685   710   716
133 222     7670   728   713   723   827   783   780   816   734   804   724   719   721   679   709   765   877   843   841   828   717   684   712   713
137 222     8876   728   711   724   826   779   780   817   734   801   722   720   720   677   712   766   877   846   841   829   717   686   713   713
141 222     9597   729   711   724   828   780   780   817   734   801   724   720   720   679   712   765   877   845   842   829   720   684   713   715
145 222     9456   726   712   723   830   782   780   817   734   800   723   721   718   680   711   767   876   845   841   829   720   685   712   718
149 222    11121   727   712   723   827   780   779   817   732   801   724   721   721   679   710   767   876   844   840   827   718   684   713   714
153 222    12739   729   709   724   827   782   779   817   735   800   722   721   721   678   711   766   876   846   841   830   716   684   713   711
157 222     8509   728   712   723   828   783   777   817   731   799   724   721   721   679   712   766   873   845   841   830   717   684   712   712
161 222    10354   728   711   724   828   782   780   817   734   801   724   721   720   679   711   764   877   844   841   830   718   686   713   711
165 222     9709   729   712   724   827   783   778   817   734   800   724   720   720   678   709   766   877   849   841   829   720   685   713   714
169 222    12946   729   710   724   830   782   780   817   734   799   723   720   721   677   711   766   876   845   840   830   721   685   713   720
173 222    10465   729   712   724   824   782   780   819   733   802   725   721   720   679   711   763   877   845   839   829   718   685   713   714
177 222    10155   729   712   723   829   783   777   818   735   800   724   720   721   679   711   766   876   843   841   830   716   685   714   711
181 222     7262   727   711   724   828   782   778   817   732   801   724   719   722   679   710   766   875   847   841   829   719   685   711   715
185 222    13474   729   714   723   829   783   780   817   734   801   722   721   719   679   711   766   877   847   841   828   721   683   714   719
189 222     8650   728   712   724   828   782   777   817   733   800   724   720   721   679   711   766   876   846   841   827   720   685   712   716
193 222     9239   729   712   724   827   782   780   816   734   801   723   720   721   679   712   765   876   846   840   830   716   684   713   712
197 222    12931   727   711   725   828   781   779   816   734   800   722   721   721   678   711   765   877   845   840   829   716   683   712   711
201 222    10547   729   709   724   828   781   780   817   732   801   722   722   722   677   711   765   874   846   839   829   720   684   714   717
205 222    11876   728   712   722   828   782   780   816   734   801   724   721   720   680   710   767   876   845   841   827   721   685   714   716
209 222     6814   727   712   722   829   783   781   816   735   802   725   721   720   679   708   765   876   844   841   828   722   685   715   715
129 226    10927   728   713   725   829   782   779   817   734   801   721   720   721   678   711   766   877   844   840   829   721   684   712   718
133 226    11822   729   711   724   828   782   779   818   735   801   723   721   722   678   708   766   878   846   841   828   719   684   713   714
137 226     9906   729   714   723   826   781   781   817   734   801   723   721   721   680   711   764   875   845   839   829   717   684   714   712
141 226     7745   728   712   722   828   784   780   818   733   800   723   721   721   676   709   766   875   846   840   829   715   685   712   711
145 226    11666   729   710   724   829   783   780   818   733   801   725   722   722   677   711   764   876   845   840   828   718   683   714   714
149 226     7868   728   712   721   827   782   780   817   733   801   724   721   722   680   711   766   875   845   840   829   721   684   712   716
153 226    10707   728   712   721   828   782   778   816   734   800   724   721   720   679   710   765   877   845   840   828   719   685   711   716
157 226    11449   728   711   724   828   782   779   816   734   799   722   721   721   679   711   765   877   844   841   829   720   684   713   717
161 226    10543   729   712   724   828   782   780   816   734   801   721   721   721   678   711   765   879   846   840   828   716   684   714   713
165 226    11138   729   711   723   828   782   777   817   733   799   725   721   721   679   711   766   875   844   840   829   716   685   712   710
169 226     7625   728   711   725   827   780   780   817   734   801   723   721   721   679   711   764   877   846   837   829   717   686   714   713
173 226    10597   728   711   724   828   779   780   817   734   801   723   722   721   679   711   766   877   845   841   825   719   684   713   714
177 226     7298   728   711   725   828   781   779   817   734   801   724   722   721   677   711   765   877   845   841   828   719   684   713   716
181 226     7496   729   712   724   829   783   780   817   736   798   723   719   721   679   712   765   879   845   841   830   720   685   711   717
185 226     7871   729   712   722   828   782   778   817   735   800   724   720   721   678   709   766   876   846   840   829   719   685   714   716
189 226     9776   729   714   724   829   782   779   815   735   800   720   721   722   680   711   766   877   844   842   831   719   684   713   714
193 226     9960   728   713   724   826   783   780   819   734   800   723   721   721   678   711   762   876   846   841   830   716   685   712   712
197 226    11653   729   712   726   827   782   780   817   734   801   723   718   720   680   708   764   876   846   842   829   716   685   713   710
201 226     9143   728   712   724   828   782   780   817   734   799   724   721   721   680   711   765   876   845   841   826   717   686   713   715
205 226    10388   730   712   724   828   782   778   815   734   799   724   723   721   679   711   766   877   844   841   827   720   685   713   716
209 226    10093   728   710   723   830   782   779   817   733   801   724   720   719   677   712   766   876   845   840   830   720   684   713   715
129 230     9068   727   711   724   829   780   779   816   734   800   723   722   719   678   711   766   877   846   839   829   720   685   714   715
133 230    11549   729   711   722   828   780   778   817   733   802   725   721   722   679   709   766   875   845   841   827   717   685   713   712
137 230    11361   730   713   722   829   782   779   817   734   800   724   721   721   679   709   766   877   844   841   828   716   685   713   711
141 230     7789   728   711   726   828   782   779   817   735   801   724   719   721   678   709   766   874   845   840   828   720   685   713   715
145 230    12194   727   711   724   828   781   780   817   734   802   723   721   719   680   711   766   877   844   840   829   719   684   714   716
149 230     7678   729   712   723   828   781   778   817   732   801   724   719   721   678   710   767   875   845   841   829   717   685   712   713
153 230    10916   727   712   723   828   782   780   817   734   801   724   721   719   680   710   765   877   845   841   829   718   684   713   714
157 230    10888   726   711   723   827   783   778   817   735   800   724   719   717   680   713   765   877   845   841   830   719   685   713   714
161 230    11228   729   711   723   828   780   780   817   733   801   723   722   721   678   710   766   876   845   841   829   721   684   713   717
165 230    12470   730   711   724   827   783   779   819   733   801   724   721   721   678   712   765   876   846   840   828   721   686   713   718
169 230     7778   728   712   724   826   782   777   816   735   801   723   721   721   679   710   765   876   843   840   828   716   685   712   713
173 230     9551   729   712   723   828   783   777   816   734   799   725   719   721   680   711   766   877   845   841   829   716   685   713   712
177 230    13397   729   712   723   828   781   779   815   734   801   721   721   721   681   711   766   876   846   839   829   717   681   712   711
181 230    10320   727   713   724   829   782   779   817   734   799   723   720   719   679   709   767   877   845   841   829   720   685   713   716
185 230    11547   728   712   724   828   782   780   817   734   800   724   721   720   679   712   767   877   846   841   829   719   686   712   715
189 230     8713   728   712   721   827   781   779   817   732   801   723   721   721   680   709   766   875   844   841   829   716   684   712   711
193 230    11966   729   711   723   828   781   780   817   735   799   724   721   720   678   711   767   876   844   840   828   715   685   712   711
197 230    10033   728   710   724   828   782   780   816   734   799   723   721   721   678   711   767   876   845   841   829   719   684   714   714
201 230     7825   728   708   724   828   781   779   817   733   800   723   721   721   676   712   766   876   845   840   829   721   685   713   718
205 230    11308   729   712   724   826   782   779   817   735   801   723   720   721   679   710   764   877   844   840   829   716   684   712   712
209 230    12249   727   713   724   829   782   779   818   734   801   724   719   718   679   711   766   876   845   841   829   715   684   712   709
129 234    10186   728   710   723   828   783   778   817   734   800   723   721   721   677   711   766   876   845   840   829   719   684   713   716
133 234    10376   728   712   724   828   782   780   817   733   800   722   720   722   678   711   766   875   846   841   828   720   682   713   716
137 234    11662   729   712   721   828   781   777   818   731   800   724   721   720   680   711   766   875   845   841   830   717   685   712   713
141 234    11431   729   710   724   829   782   780   817   734   800   723   721   720   678   711   766   877   846   840   828   716   685   714   711
145 234     7322   727   711   724   828   781   779   817   735   801   724   722   722   678   711   766   875   845   840   829   717   684   713   713
149 234     9794   727   712   724   827   782   780   816   734   800   724   720   722   678   711   765   877   844   841   829   721   685   713   716
153 234     9941   729   710   725   829   780   779   817   733   801   724   722   721   677   711   764   877   846   841   828   720   685   713   717
157 234    11780   730   713   724   828   781   779   815   734   801   724   718   721   678   710   765   876   845   841   826   718   685   712   712
161 234    11456   728   712   724   827   782   780   817   734   801   724   720   720   679   710   764   877   845   840   827   715   686   713   712
165 234     7491   726   710   724   827   782   779   817   734   801   724   721   721   677   711   766   877   845   840   830   715   685   713   710
169 234     7611   728   711   724   829   780   779   819   734   801   724   720   721   679   712   766   876   846   839   828   718   685   712   715
173 234    12415   730   712   722   828   781   780   817   736   801   722   721   721   679   710   767   876   846   840   828   721   682   712   717
177 234    10544   729   710   725   829   780   779   817   733   800   724   720   719   678   712   768   878   845   840   828   719   684   713   714
181 234    11537   729   713   724   829   781   780   815   735   800   722   721   720   681   711   766   877   845   842   829   717   683   713   711
185 234    14563   730   712   724   827   782   779   816   734   799   725   720   722   679   712   765   877   847   840   831   715   685   713   714
189 234    10137   728   711   724   826   784   777   818   734   799   723   720   721   679   711   764   876   845   841   829   723   685   713   715
193 234    10558   729   712   723   827   781   778   817   734   801   724   720   722   678   710   765   876   845   840   829   720   685   713   716
197 234     8267   728   711   722   828   781   779   817   732   801   723   720   721   678   711   766   875   846   841   829   718   684   712   712
201 234    11605   729   712   724   828   782   779   817   734   801   724   723   721   679   711   766   877   845   840   827   716   685   712   711
205 234    12142   728   710   724   828   782   780   817   735   800   723   721   719   680   712   767   877   845   841   829   719   684   713   714
209 234    10641   728   710   722   828   784   779   818   734   801   724   721   721   678   708   766   876   845   841   829   721   685   712   717
129 238     8979   728   710   722   828   782   780   818   731   801   724   720   721   678   708   766   875   847   840   830   720   686   714   715
133 238    10566   729   712   724   828   783   779   818   736   800   721   718   721   681   711   765   878   847   841   829   722   682   712   718
137 238    11303   729   709   721   828   782   781   816   734   801   724   721   721   678   708   766   876   845   841   829   720   685   713   716
141 238     8806   728   709   723   828   784   779   817   733   801   723   721   721   677   711   766   876   845   841   829   718   684   712   712
145 238    10466   728   712   720   827   782   782   818   731   802   724   721   721   679   708   766   875   845   841   829   716   685   714   710
149 238     9625   727   710   724   828   782   781   817   734   801   722   721   720   680   710   765   876   845   841   829   717   684   714   714
153 238     8151   728   714   722   828   782   780   817   735   801   722   720   721   678   708   766   877   846   839   830   720   683   713   716
157 238    10856   728   711   723   828   782   779   817   734   798   724   722   723   679   711   767   877   846   841   828   719   685   715   717
161 238    11454   729   713   725   827   783   780   816   734   801   724   720   721   679   710   764   876   842   840   830   719   685   713   713
165 238    11882   728   712   724   829   782   779   817   734   800   724   721   722   679   710   765   877   845   841   827   715   685   714   711
169 238     8730   729   711   723   827   783   780   816   733   801   724   719   721   679   711   766   876   845   839   829   716   684   713   712
173 238    13003   730   712   723   828   779   779   817   733   800   724   720   721   680   710   766   874   845   841   829   718   685   713   711
177 238    11733   729   708   724   828   782   779   818   733   800   724   721   720   678   711   765   877   845   840   829   718   685   714   715
181 238     8567   727   710   724   830   780   780   816   735   800   723   721   720   679   711   766   877   846   841   829   721   684   714   716
185 238    11569   729   711   724   829   781   779   818   732   800   723   720   721   678   711   765   875   846   840   830   719   685   712   714
189 238    11881   729   712   724   828   782   779   817   733   802   723   721   721   680   712   767   877   844   840   828   716   683   713   712
193 238     9884   728   712   724   829   783   778   816   733   801   720   721   720   678   711   766   875   846   840   830   718   683   713   713
197 238     9588   729   712   725   828   783   778   817   735   802   724   720   721   680   710   766   876   842   841   829   724   685   713   716
201 238    13425   728   712   725   830   780   780   816   733   801   724   720   719   679   712   767   877   846   839   828   721   686   713   716
205 238     7504   727   711   723   829   781   779   816   734   801   724   721   720   678   710   766   876   846   841   829   719   685   712   714
209 238     5116   727   711   723   827   783   778   816   734   800   723   721   720   678   711   765   877   844   841   829   717   685   713   712
129 242     7253   728   713   723   828   783   779   817   733   801   721   720   722   679   711   766   876   845   841   829   716   683   713   712
133 242     7580   727   711   724   828   782   779   815   733   799   723   721   721   678   712   766   876   846   839   829   719   685   714   713
137 242     8859   728   712   722   827   782   780   817   733   800   724   722   720   678   711   765   876   845   840   828   716   685   714   711
141 242     8718   728   712   723   828   779   781   817   735   800   723   720   721   679   711   766   876   846   841   828   717   685   713   713
145 242    10655   729   711   724   827   782   779   817   735   799   723   720   721   679   711   764   876   846   840   830   719   684   713   717
149 242    11650   728   714   721   830   782   780   817   733   800   723   721   718   680   710   766   876   846   841   829   721   684   713   714
153 242     7943   727   710   724   827   782   780   816   734   800   724   721   721   679   710   766   877   844   841   829   719   684   713   716
157 242    10064   728   711   724   827   781   780   815   734   801   724   721   720   680   710   766   876   844   840   828   717   684   713   715
161 242    10142   726   712   722   828   780   779   818   733   801   722   721   719   681   710   767   877   845   839   828   716   684   713   710
165 242     9386   728   712   724   828   781   781   817   734   800   724   721   721   679   711   765   877   846   839   829   716   684   713   712
169 242     9267   727   711   724   827   781   778   819   733   800   723   721   722   678   711   764   876   846   839   830   715   686   714   711
173 242    10916   730   711   725   827   783   780   816   734   800   723   722   721   679   711   766   877   844   840   827   718   684   715   715
177 242     9240   729   712   725   827   782   779   817   734   799   723   719   722   679   711   765   876   845   841   830   720   684   712   716
181 242    10280   727   711   721   827   781   781   817   734   800   723   721   721   679   710   766   876   846   842   829   720   685   714   714
185 242     8285   727   712   722   827   782   779   817   735   801   723   721   721   679   709   766   878   844   841   829   716   684   714   711
189 242    10653   729   710   722   827   781   780   819   732   800   725   720   722   678   709   765   875   845   840   828   717   685   712   711
193 242    10808   728   712   724   828   780   777   817   734   801   723   721   721   679   712   766   877   845   842   829   719   684   713   715
197 242    11654   730   711   724   828   784   779   818   734   799   724   721   721   679   711   767   877   844   841   828   720   685   715   716
201 242     9373   728   710   723   827   783   779   817   733   801   724   721   722   679   711   765   874   845   841   828   720   684   712   718
205 242     9814   729   710   723   828   783   781   817   732   801   724   722   722   677   710   765   874   845   840   828   722   685   713   716
209 242    10934   729   710   722   828   781   780   817   734   800   723   721   721   679   711   765   877   845   841   828   720   684   714   717
129 246    11274   730   711   723   828   783   779   817   734   800   722   721   721   676   711   766   877   846   842   830   718   684   713   715
133 246    11502   728   712   724   829   781   779   817   734   801   723   719   720   679   711   766   877   846   842   830   720   685   711   715
137 246     8201   728   712   724   826   781   780   819   734   800   723   721   722   679   710   764   877   848   840   829   720   685   713   714
141 246     9148   729   712   722   829   782   779   817   734   800   724   721   721   680   709   765   876   844   840   829   717   684   713   716
145 246    13297   729   712   724   827   782   780   815   733   800   724   719   721   678   710   764   876   845   837   829   717   684   712   713
149 246    10687   729   711   722   828   782   778   817   734   801   724   721   721   678   710   766   875   845   841   829   718   685   712   713
153 246     9149   728   711   724   829   783   778   818   733   798   724   721   721   679   711   766   876   846   840   828   717   685   713   715
157 246     8226   729   712   724   829   780   780   818   733   801   723   721   720   679   712   764   877   847   841   828   720   685   712   717
161 246     9986   731   709   724   828   782   778   818   731   800   723   721   722   677   712   767   877   845   840   829   720   685   713   716
165 246     6499   728   712   724   828   781   780   815   734   801   723   721   720   679   710   765   877   845   839   830   721   685   712   718
169 246     9342   728   710   724   829   782   778   817   733   801   723   722   721   679   711   765   876   845   840   829   720   685   714   717
173 246    10847   726   711   724   830   780   780   817   734   801   724   720   719   680   712   767   876   845   840   828   718   684   713   711
177 246    10295   727   711   724   828   780   780   816   733   801   723   720   720   679   712   765   877   845   840   828   717   685   712   711
181 246    11199   728   712   724   828   782   779   816   734   802   723   720   721   678   709   766   876   845   841   829   716   684   713   713
185 246    11216   730   711   723   829   784   777   816   734   799   724   722   721   676   712   766   877   845   841   828   718   685   714   716
189 246    12051   729   713   723   826   783   778   815   733   801   721   720   721   680   711   764   876   844   840   830   720   682   713   715
193 246    13346   730   713   723   826   782   779   817   734   801   725   721   721   680   711   764   876   846   840   829   720   686   713   716
197 246    10525   728   712   723   829   781   780   816   734   801   723   717   721   679   711   766   876   844   841   829   720   685   711   716
201 246     8142   728   712   725   828   780   780   818   734   801   724   720   721   679   710   765   876   845   841   829   719   684   712   715
205 246    11322   729   712   724   830   781   779   816   734   800   722   721   721   679   712   767   876   846   842   827   718   683   714   714
209 246     7796   728   711   723   828   782   779   818   734   801   724   719   722   678   712   765   877   846   840   828   717   685   712   713
129 250    10967   729   709   724   830   781   780   818   734   800   724   721   721   679   713   765   876   843   841   829   719   685   712   716
133 250    10780   727   711   724   827   782   778   818   732   801   724   721   719   679   711   766   874   845   839   830   720   685   713   715
137 250     9941   729   712   722   827   780   780   818   734   798   723   719   720   679   710   766   877   845   840   829   717   685   713   713
141 250     9763   724   712   724   829   782   778   818   732   802   723   721   719   679   711   765   875   845   841   828   717   684   713   709
145 250     8674   728   712   723   829   780   780   817   734   801   724   720   721   679   710   765   876   844   843   829   717   685   713   712
149 250     8880   726   715   724   829   782   780   818   734   801   722   720   720   680   711   764   876   846   838   829   718   684   714   714
153 250     6544   729   712   723   828   781   780   817   734   800   723   720   723   680   709   766   876   845   841   829   720   685   713   715
157 250     8887   728   712   724   827   782   779   817   735   801   724   721   721   679   709   765   878   845   841   829   720   685   713   717
161 250     7117   727   713   724   828   783   780   816   734   801   723   721   721   679   711   765   876   845   840   827   719   685   713   713
165 250    10373   728   711   724   830   782   779   817   734   801   725   721   720   679   711   765   876   846   839   829   716   686   714   711
169 250    10570   728   711   724   827   782   780   815   734   801   723   720   721   679   711   765   876   845   841   828   715   684   711   712
173 250     8668   729   711   725   829   782   779   816   734   800   723   719   720   680   711   766   876   844   840   830   717   685   713   714
177 250    10972   730   712   724   828   782   780   817   735   801   724   720   721   679   710   766   877   844   841   829   720   685   713   716
181 250    11237   730   713   724   828   781   779   817   733   799   724   719   722   679   711   766   877   846   840   830   720   685   713   718
185 250     7099   727   712   723   827   782   779   816   731   800   723   721   721   680   711   766   873   845   840   827   720   683   712   717
189 250    11482   729   710   724   827   781   777   816   733   801   722   720   723   682   710   764   875   845   840   829   716   683   713   713
193 250     9458   728   711   721   827   782   778   818   735   801   724   721   720   679   710   766   876   845   839   830   716   685   713   712
197 250     9605   728   710   723   828   782   780   815   734   800   724   720   721   679   708   764   879   844   841   829   715   684   714   712
201 250    10046   727   713   723   828   783   780   817   734   800   723   721   721   680   712   766   875   845   840   829   715   684   713   713
205 250     9557   728   712   723   828   781   780   819   736   802   722   721   721   681   710   766   877   845   841   828   718   683   712   714
209 250     6677   728   711   723   827   783   781   817   735   799   724   721   722   679   711   765   877   846   840   829   720   684   713   716
