! Map center:  169,210
129 170    13248   722   708   717   823   776   773   810  4410   797   722   719   720   677   706   764  4399   837   835   821   714   682   712   707
133 170     9799   722   709   716   823   777   771   807   731   796   722   717   717   675   707   762   870   837   834   821   720   683   712   714
137 170     5835   721   707   718   821   777   772   809   731   795   722   716   720   675   707   760   869   837   835   821   714   683   710   707
141 170    10249   723   707   716   823   776   771   809   730   797   721   715   717   676   707   763   868   837   835   820   719   683   710   713
145 170    12453   725   708   717   821   777   770   809   731   795   721   716   719   675   707   761   871   834   836   821   714   684   709   708
149 170     6781   722   708   717   822   774   773   810   730   796   721   715   719   674   706   762   870   838   835   821   720   681   711   711
153 170     8185   722   706   718   822   776   772   809   729   796   721   715   719   674   706   762   868   837   834   821   716   682   710   708
157 170     6327   722   705   717   822   775   773   809   729   796   721   716   719   676   707   762   872   837   833   822   718   682   710   711
161 170    10056   723   707   719   822   776   771   809   730   797   722   714   720   676   710   762   873   837   835   821   717   682   708   711
165 170    12304   723   708   719   820   776   771   810   730   796   721   715   718   676   707   760   870   835   834   822   716   683   709   709
169 170    11520   723   708   717   822   776   771   809   730   796   721   715   719   674   706   762   871   837   833   822   717   684   710   711
173 170     7262   721   706   717   822   775   772   809   730   796   723   717   718   673   706   762   870   837   833   822   715   683   710   710
177 170    10692   723   709   717   821   776   773   809   731   796   722   716   719   675   705   761   871   837   833   822   718   683   710   711
181 170     9466   725   708   717   823   775   772   809   730   794   720   717   719   675   707   762   871   839   835   821   714   683   710   705
185 170     7589   723   710   718   822   774   771   809   729   797   719   716   719   675   705   762   870   838   834   820   719   681   710   713
189 170     8860   722   709   717   822   776   772   810   732   796   722   714   720   675   707   762   870   839   834   822   714   683   708   709
193 170     8237   723   708   716   822   777   773   809   732   796   722   716   719   675   706   763   870   838   835   820   719   684   711   711
197 170     8790   723   706   718   821   775   773   809   731   796   722   716   718   675   707   760   870   837   833   823   718   682   711   710
201 170     9724   723   707   717   822   776   773   809   732   796   721   716   719   671   708   762   871   838   833   821   716   682   711   707
205 170     9691   723   706   717   822   778   773   809   731   796   721   715   719   675   707   762   870   838   833   821   718   682   710   711
209 170    10952   722   708   718   822   776   772   808   730   796   719   715   718   675   705   761   870   836   835   823   715   683   710   707
129 174     9980   722   709   718   820   776   773   810   731   794   721   715   719   676   707   760   871   839   833   822   712   683   711   708
133 174    10334   723   706   718   823   775   773   809   731   796   721   717   719   674   707   763   870   837   832   822   719   683   711   713
137 174    10817   723   707   718   820   776   773   811   730   796   721   716   719   675   707   759   871   838   834   821   716   681   711   706
141 174    13750   725   708   718   822   776   771   809   731   795   722   714   719   676   707   762   871   837   834   820   716   683   708   711
145 174     8130   722   708   717   822   774   773   810   728   796   720   715   718   674   706   762   870   838   834   821   717   682   710   710
149 174     5504   722   707   718   823   777   773   809   730   796   721   714   719   675   707   763   870   837   835   822   714   684   709   708
153 174    10221   723   708   718   822   775   772   809   729   796   720   717   718   675   707   763   869   837   834   820   719   683   712   711
157 174     6857   722   708   718   822   775   771   809   732   796   722   716   716   676   707   762   870   837   836   822   718   683   711   711
161 174     9611   722   709   718   820   775   773   809   730   799   722   717   717   675   707   762   871   835   834   821   718   683   712   711
165 174    10999   724   708   717   821   777   771   807   730   796   721   716   719   674   707   763   870   838   834   821   717   683   711   704
169 174     7643   721   708   718   822   776   773   808   731   796   721   717   717   674   707   761   870   835   835   821   718   684   711   714
173 174    11565   722   709   718   823   776   772   808   730   796   721   714   717   676   709   763   871   838   835   822   713   684   708   709
177 174     7983   724   708   716   822   776   772   810   730   795   721   715   718   676   703   762   870   839   835   820   721   684   711   715
181 174    11984   723   710   718   822   774   772   810   730   797   720   717   718   673   707   759   871   838   833   822   716   683   711   707
185 174    10868   723   708   718   823   775   772   810   730   796   720   717   718   673   708   762   868   837   835   821   719   683   711   710
189 174     7510   720   708   716   822   777   773   809   730   796   721   717   720   674   705   761   870   835   836   822   714   683   711   710
193 174     7457   722   707   716   822   776   771   809   731   797   720   716   719   674   707   762   870   838   835   820   715   682   710   710
197 174    10062   723   708   719   821   776   771   810   731   795   721   716   719   676   706   762   870   836   835   822   718   682   711   713
201 174    10617   723   709   718   821   776   771   810   731   796   721   716   719   675   707   760   870   838   836   821   716   683   710   710
205 174     9611   723   709   716   822   776   773   810   731   796   718   716   719   675   705   762   870   837   835   821   717   682   711   709
209 174     9731   724   709   719   823   774   771   809   732   796   720   714   719   676   707   763   870   838   833   824   718   681   710   711
129 178    10888   724   710   717   823   775   773   810   731   796   717   716   719   674   707   763   870   838   833   822   718   681   712   711
133 178     8281   723   709   718   823   776   771   809   730   797   721   715   718   675   707   762   870   837   835   822   718   683   708   710
137 178     9661   725   708   718   820   776   773   809   731   795   719   717   719   675   707   762   871   838   833   822   716   683   711   709
141 178     8971   723   707   718   821   776   773   810   731   796   721   717   718   676   706   759   871   838   833   822   718   682   711   710
145 178    10836   724   708   718   822   775   773   809   729   796   721   716   719   676   707   761   868   838   835   822   717   683   710   709
149 178     9859   724   708   717   823   775   772   809   731   796   721   716   719   675   705   763   870   836   834   822   720   682   710   713
153 178    10123   723   708   717   822   777   774   808   730   796   721   716   720   675   707   763   869   838   835   822   712   684   709   708
157 178    10896   724   708   721   822   777   772   810   730   796   721   714   719   675   707   762   870   837   835   822   719   683   709   713
161 178     8997   722   707   716   822   775   773   809   731   797   720   715   719   674   706   763   871   838   835   822   716   685   710   710
165 178    10642   724   709   718   822   775   773   808   732   797   721   716   719   675   706   764   871   837   834   823   717   683   711   709
169 178     8276   722   709   718   822   776   771   809   732   797   722   716   719   676   708   762   871   835   835   822   717   684   708   709
173 178    11001   724   706   718   823   775   773   810   731   797   721   716   720   674   707   761   870   837   833   821   717   683   711   715
177 178    11918   724   708   718   822   777   773   809   732   796   721   717   719   676   707   761   872   839   835   822   715   681   710   703
181 178    11314   724   709   718   821   777   773   810   731   793   721   716   719   676   707   761   871   837   835   822   719   683   711   709
185 178    10595   722   708   718   823   777   774   810   730   796   721   717   719   676   706   761   870   837   835   820   714   683   711   711
189 178    10172   723   709   718   822   776   772   810   730   794   722   716   719   676   707   762   871   839   836   822   722   684   710   715
193 178    10802   724   706   718   822   776   773   809   730   796   721   717   718   674   707   762   870   838   834   822   715   683   711   705
197 178    10089   723   708   718   823   776   770   810   730   797   721   716   719   677   707   763   870   837   835   820   719   683   709   717
201 178     5830   722   709   718   822   778   773   811   730   796   721   717   717   675   706   763   871   837   835   822   714   682   711   710
205 178     7598   722   708   717   822   776   773   811   730   796   722   718   719   674   706   762   869   837   834   821   718   684   709   714
209 178     9483   723   708   716   822   776   772   809   730   795   721   718   717   676   705   761   869   837   836   820   716   683   711   714
129 182     7327   723   709   719   823   774   773   810   730   797   721   715   719   676   707   762   870   838   833   822   721   680   712   713
133 182     7184   723   707   719   822   774   772   809   731   797   720   717   719   675   707   764   870   838   836   822   713   683   711   710
137 182    10386   724   707   719   823   774   773   810   732   797   718   716   719   675   708   763   870   838   835   823   718   684   711   717
141 182     9314   723   708   719   823   776   774   810   732   796   720   717   719   675   707   762   871   838   834   823   714   681   712   710
145 182     7475   723   707   718   823   775   773   811   729   796   720   716   719   675   707   762   870   837   834   822   717   682   711   713
149 182     8677   723   707   719   825   777   773   808   731   796   721   716   717   675   707   761   871   838   835   823   713   682   711   709
153 182     7580   725   709   717   823   777   773   807   731   794   721   716   719   676   706   762   871   838   835   822   718   684   710   714
157 182    16446   724   709   718   822   777   773   812   731   796   721   715   718   675   707   761   871   836   835   821   715   684   710   711
161 182    10699   723   709   717   823   778   771   810   730   795   721   715   717   675   706   761   870   839   835   821   718   684   711   712
165 182    10066   722   708   719   822   777   773   810   731   793   721   715   717   675   707   760   869   838   835   821   715   683   712   706
169 182    12280   725   709   718   823   777   771   809   731   796   719   714   719   676   707   763   871   838   835   822   719   684   710   710
173 182     7869   722   708   718   822   777   773   809   732   797   721   714   720   676   704   761   871   839   836   822   717   683   710   709
177 182     6386   723   709   720   823   777   773   808   732   797   721   716   720   675   708   763   870   838   835   823   719   683   711   713
181 182    10099   724   707   719   822   775   771   810   730   796   721   716   719   675   706   763   871   838   835   821   717   682   710   710
185 182     8664   723   706   718   822   776   773   809   731   796   721   717   717   676   707   761   871   837   837   822   717   682   711   710
189 182     8558   723   709   718   822   776   772   809   732   796   721   717   719   675   706   763   871   838   835   821   720   684   714   715
193 182    11367   725   709   717   823   776   771   811   730   796   721   714   719   675   706   763   869   838   835   822   713   683   708   712
197 182     9574   723   709   717   823   776   775   810   731   796   721   714   719   675   706   762   869   838   835   821   716   683   709   713
201 182     8900   723   709   717   823   776   771   810   731   796   722   714   719   676   705   762   871   838   836   822   716   682   709   704
205 182     9298   722   709   715   823   777   770   810   731   796   721   717   719   675   705   763   871   837   836   822   721   684   711   716
209 182     8850   722   709   718   821   778   773   810   731   795   721   716   719   675   707   763   871   838   835   823   713   683   711   706
129 186    11190   725   709   718   822   777   773   810   732   793   721   716   717   676   707   761   871   839   835   822   720   684   711   716
133 186     7028   721   708   718   822   777   773   810   732   797   722   718   721   675   706   760   871   840   836   823   718   684   711   706
137 186     7203   723   708   719   823   780   773   811   731   796   720   717   720   673   707   763   871   837   835   821   718   681   710   709
141 186     8697   724   708   717   824   775   772   810   732   796   721   717   719   675   706   763   870   838   835   821   718   683   712   711
145 186    12551   724   709   718   822   777   774   809   731   797   722   716   719   676   706   763   871   837   836   822   713   684   709   710
149 186    10902   724   709   718   823   776   773   811   730   796   722   718   719   675   707   762   872   839   835   822   720   683   711   715
153 186    12320   724   708   717   823   777   772   811   730   797   720   715   720   676   707   762   872   839   835   822   716   682   712   708
157 186     8316   724   710   718   822   777   773   810   731   797   720   717   720   677   707   762   871   838   834   823   717   682   711   714
161 186    12324   724   708   719   822   775   773   810   731   796   721   717   720   675   707   763   872   839   835   820   716   683   710   708
165 186    12002   724   707   718   822   777   772   809   731   797   721   715   719   676   706   760   871   838   835   822   716   684   710   712
169 186    14322   724   709   719   822   776   773   810   731   796   720   716   720   674   708   763   872   839   833   822   718   684   711   713
173 186     9727   722   709   719   823   777   772   809   731   796   723   717   718   676   707   762   871   837   835   822   713   684   711   710
177 186    11565   724   709   719   823   777   772   811   730   796   721   717   719   676   708   761   871   839   835   821   720   685   712   717
181 186    11641   725   709   717   823   777   773   809   731   796   722   717   719   676   705   763   871   838   834   822   714   683   709   711
185 186    11949   723   708   718   823   778   774   811   730   797   721   716   718   676   706   761   871   839   835   821   717   683   710   707
189 186     7244   723   710   719   823   776   772   811   731   796   721   717   719   676   707   762   870   839   835   823   719   683   711   715
193 186     8928   724   708   717   822   777   773   810   731   796   722   715   719   675   704   762   871   839   837   822   717   683   709   704
197 186     7584   723   709   716   822   777   772   810   731   797   723   717   719   676   706   762   872   838   834   823   718   684   712   714
201 186     9067   724   709   718   821   777   773   806   732   796   721   717   720   676   708   762   870   839   835   821   717   683   712   708
205 186    10089   723   708   719   823   775   772   810   731   797   720   717   719   674   706   763   871   838   834   822   716   682   711   707
209 186    10167   724   706   718   823   777   772   809   732   796   718   715   719   676   706   762   871   838   835   821   718   684   710   712
129 190     8296   724   707   718   823   775   774   810   730   796   722   717   719   676   707   762   871   840   834   822   714   683   710   708
133 190     6896   723   707   718   823   777   771   810   732   797   721   717   719   676   707   762   872   839   834   823   719   683   711   712
137 190     9304   724   708   719   824   777   774   808   732   797   721   717   720   675   708   762   871   839   834   822   716   682   711   710
141 190    10446   724   707   718   823   775   773   810   731   796   721   717   719   674   708   763   871   838   835   822   717   682   712   714
145 190     9506   724   707   718   822   777   775   808   731   796   722   716   719   676   707   761   871   839   836   822   719   684   711   712
149 190    12378   724   707   719   823   776   773   810   732   796   721   717   719   675   707   763   872   839   836   823   716   683   711   709
153 190    10966   722   709   719   823   777   773   811   732   796   721   717   719   676   707   762   872   838   836   824   719   682   712   710
157 190    12728   725   708   719   822   777   774   809   730   796   723   716   720   674   708   763   869   837   834   822   715   682   712   714
161 190     8764   722   710   719   821   777   772   811   730   794   721   717   717   676   708   762   870   836   835   823   721   684   711   715
165 190    13037   724   709   718   823   777   773   811   732   795   722   718   718   676   707   763   871   838   836   822   717   684   711   709
169 190    13009   725   707   717   823   777   771   810   732   797   722   715   720   674   707   762   871   839   834   822   720   683   711   714
173 190    13153   725   709   720   823   777   772   810   733   796   721   716   719   676   707   762   870   838   835   823   718   684   711   711
177 190    12912   725   709   716   823   776   772   810   730   797   721   719   719   676   704   763   871   838   835   821   715   683   711   709
181 190     9722   723   709   719   823   777   773   810   730   796   722   716   719   676   707   763   871   838   835   822   720   683   710   713
185 190    11825   724   708   719   823   775   773   810   732   796   720   716   719   676   708   762   871   838   835   825   714   682   711   708
189 190    12072   725   709   720   823   777   773   811   731   799   721   715   718   675   705   762   872   838   836   821   719   684   707   709
193 190    11625   725   709   718   823   776   771   811   733   797   722   717   719   674   708   763   871   839   835   823   718   682   709   712
197 190    10473   724   709   717   824   777   772   810   732   797   721   717   719   677   709   763   871   840   836   821   715   683   708   706
201 190     8645   724   708   719   823   778   773   811   731   797   720   717   720   673   708   762   872   839   837   822   721   681   711   715
205 190     8332   723   708   719   824   776   774   810   731   796   721   717   719   676   708   763   871   839   833   823   715   682   711   708
209 190     6818   722   709   717   823   777   771   810   731   797   722   716   719   676   706   763   872   838   835   822   714   683   710   710
129 194    12666   725   710   719   824   775   774   811   731   796   721   718   719   675   706   763   871   839   835   822   715   683   711   708
133 194    10684   724   709   718   824   777   774   811   729   797   722   715   719   674   707   763   870   839   836   820   718   683   710   708
137 194     6998   720   708   719   823   777   772   809   731   796   722   717   719   676   708   763   872   839   835   822   717   683   710   712
141 194     8355   724   708   719   823   776   773   808   733   797   722   717   718   675   707   762   871   839   835   822   715   683   711   710
145 194     9827   724   709   718   823   777   774   810   731   796   722   716   719   676   706   763   871   839   836   824   721   685   711   715
149 194    11289   725   708   719   823   775   773   810   732   797   722   717   720   676   707   762   870   841   835   821   715   682   710   709
153 194     7591   724   709   717   824   777   775   809   730   796   721   715   718   676   705   763   870   839   836   822   716   684   710   709
157 194     7314   723   708   718   824   777   773   811   731   796   721   716   719   675   705   764   871   839   836   820   718   684   710   713
161 194     8346   724   709   719   823   778   774   811   730   796   722   717   719   674   707   762   871   838   836   822   715   683   712   709
165 194     9408   725   709   720   823   776   774   811   731   796   720   714   719   677   707   764   872   839   834   821   716   682   709   708
169 194     9251   724   709   718   824   776   772   811   730   797   721   714   719   675   706   762   870   839   836   823   719   683   710   712
173 194     9336   725   708   719   824   776   774   811   730   797   721   717   720   674   708   762   872   839   836   823   715   683   711   709
177 194     9292   724   709   719   822   778   774   810   732   797   719   717   718   676   707   761   872   839   834   822   720   682   712   712
181 194     9179   724   709   720   822   777   774   811   732   796   722   718   719   676   707   761   872   839   837   823   715   684   712   709
185 194    10817   724   710   719   823   776   774   811   732   797   722   715   719   674   708   763   873   839   836   822   717   684   712   714
189 194     8643   724   709   719   823   777   773   811   731   797   722   717   720   676   707   762   871   837   836   823   720   684   711   713
193 194     7308   723   709   719   824   778   773   811   732   795   721   717   719   676   707   763   872   836   835   823   716   683   711   708
197 194    10597   724   708   719   821   778   774   811   732   793   721   717   717   676   708   761   872   838   836   823   718   684   712   714
201 194     9609   724   709   717   824   778   772   810   731   796   722   716   720   676   707   763   871   839   835   823   717   682   710   709
205 194    10717   726   709   718   823   776   773   812   731   796   722   716   719   673   707   763   872   839   836   823   717   683   710   711
209 194     9447   723   709   719   824   777   774   812   731   797   721   714   718   676   709   763   872   838   836   819   719   684   710   715
129 198     9895   724   711   719   824   777   774   811   730   796   721   716   719   676   707   763   870   839   835   823   715   684   710   707
133 198    11053   724   707   719   821   776   774   809   731   796   721   717   719   676   708   763   872   839   835   823   719   684   712   713
137 198     9742   725   709   720   822   778   774   809   731   796   721   717   718   676   708   761   872   838   835   823   717   684   711   713
141 198    10070   724   709   719   821   778   775   811   731   795   722   717   719   676   708   762   872   840   836   824   715   684   711   710
145 198     8058   724   709   719   822   777   774   809   731   796   722   717   718   675   707   761   871   838   836   823   718   684   712   713
149 198     8358   724   710   718   824   778   774   810   731   798   721   716   719   676   709   763   872   839   835   824   716   684   710   710
153 198     7027   722   710   720   823   777   774   811   731   796   722   718   721   676   708   760   872   838   836   823   715   684   710   711
157 198     9038   724   709   719   824   778   775   811   731   796   722   717   720   676   707   763   869   840   836   821   719   684   711   712
161 198     8900   725   708   720   824   776   774   811   733   796   722   717   720   676   707   762   871   840   836   823   716   682   712   708
165 198    10539   723   709   719   824   778   773   810   731   796   722   717   719   676   707   761   872   840   835   823   719   684   711   715
169 198     9524   725   709   719   824   777   774   809   731   796   721   718   718   676   708   761   872   839   836   825   717   684   712   708
173 198     9127   724   706   720   824   776   773   810   732   796   722   718   720   674   707   763   872   838   837   822   717   681   711   709
177 198    11563   725   709   718   823   778   773   811   731   797   721   717   719   676   708   760   873   839   837   821   720   683   710   713
181 198     4065   722   709   720   822   776   774   811   731   797   722   717   717   673   708   761   872   839   836   823   715   683   712   710
185 198     9233   724   707   718   823   775   774   811   732   797   721   715   719   676   706   764   872   839   835   820   717   682   711   714
189 198     7823   725   707   719   824   778   774   811   731   797   720   717   718   676   707   762   871   840   835   823   718   684   712   709
193 198    10317   725   710   720   823   777   775   809   731   796   720   717   718   677   707   761   872   839   836   823   716   683   711   712
197 198     9484   725   709   720   823   776   774   811   731   797   722   717   720   675   708   763   874   839   836   823   718   683   712   713
201 198    10168   724   709   720   823   778   775   809   731   797   721   718   719   675   708   762   872   839   835   823   717   682   711   709
205 198    10209   724   709   719   823   778   775   811   730   797   722   716   719   676   707   763   871   839   835   822   719   684   711   715
209 198     8381   725   709   720   823   777   776   811   731   796   722   716   720   674   706   763   871   839   836   823   716   684   712   709
129 202    11887   724   709   719   823   778   772   811   731   797   721   718   719   675   706   763   872   839   835   823   716   684   712   710
133 202     9937   725   710   719   823   778   775   809   732   797   722   716   718   676   706   762   871   838   836   822   720   684   710   713
137 202    10064   723   709   719   823   778   774   811   731   796   722   717   717   676   708   764   872   837   836   824   714   684   711   708
141 202     9348   724   709   719   824   778   771   811   733   797   721   718   719   676   704   763   873   839   836   822   717   685   712   711
145 202     7737   724   709   718   823   777   775   811   730   797   722   716   719   676   706   763   870   839   836   823   719   684   707   712
149 202     9059   724   710   717   824   777   770   811   731   797   722   715   719   676   705   763   872   839   836   823   715   683   709   710
153 202     8965   724   710   720   821   778   774   809   732   796   722   717   718   676   708   761   872   839   835   823   720   683   711   712
157 202    11022   725   709   719   823   778   775   811   732   796   722   718   719   676   707   762   872   837   835   823   715   684   710   711
161 202     8976   724   709   719   825   778   773   810   733   797   722   718   719   676   708   764   872   839   835   823   715   684   711   711
165 202    13079   726   708   719   823   777   775   812   731   797   720   717   720   675   708   764   872   839   835   823   719   683   711   713
169 202     8931   723   709   719   823   778   774   812   730   795   722   717   717   676   708   762   871   840   836   824   712   683   711   710
173 202    10673   725   710   719   824   778   773   809   731   797   722   716   719   677   708   762   873   840   836   822   721   684   712   713
177 202     8443   723   710   722   823   777   774   811   731   797   723   716   718   677   707   763   871   839   836   822   714   684   712   708
181 202    10629   725   708   717   823   776   773   810   731   796   721   715   719   675   706   763   872   839   837   824   718   682   711   713
185 202     8541   724   709   719   821   778   774   811   732   797   723   717   719   677   707   762   873   840   835   824   717   684   711   708
189 202     8380   724   710   719   824   777   774   811   729   797   722   714   720   676   708   763   872   839   837   820   716   684   713   711
193 202    12422   726   709   720   819   777   774   811   731   797   723   717   718   676   707   761   872   839   836   824   720   684   712   710
197 202     7748   723   710   719   823   777   774   811   731   796   722   718   716   677   708   761   872   839   836   823   715   684   711   707
201 202     9364   725   707   720   824   777   774   811   731   797   721   717   720   677   708   763   872   840   835   823   718   684   711   714
205 202    10004   725   708   719   824   776   774   810   734   798   722   717   719   677   708   763   874   839   837   825   718   685   710   711
209 202     8720   725   709   720   824   777   774   808   732   797   723   717   719   676   708   760   873   839   836   823   714   685   712   709
129 206    10796   726   709   719   824   778   772   811   731   797   722   717   719   676   707   763   870   840   836   824   719   683   710   714
133 206    13354   725   709   719   824   776   774   811   730   797   722   717   719   673   707   762   873   839   836   823   716   683   711   710
137 206    10205   725   710   719   824   778   774   810   732   797   722   717   719   676   708   763   872   840   836   824   716   685   711   708
141 206     5060   724   709   719   818   778   774   809   731   797   722   717   718   677   707   759   872   840   835   823   718   684   712   710
145 206     8759   725   708   720   824   779   774   810   732   797   722   718   719   677   708   762   872   840   836   824   720   683   711   716
149 206     8271   724   710   720   824   778   775   810   732   797   722   718   719   677   708   760   872   839   835   824   715   684   712   708
153 206    10674   725   708   720   824   778   775   812   732   797   722   717   720   676   708   763   872   840   837   823   720   683   711   715
157 206    11325   724   709   720   822   778   774   811   731   797   722   717   717   675   708   762   872   839   836   823   715   682   711   709
161 206     8976   725   709   720   824   777   772   811   732   797   722   717   720   676   708   763   872   840   836   823   716   684   711   713
165 206     7548   725   709   720   823   778   774   810   731   796   722   716   718   677   708   761   872   839   836   823   719   684   711   709
169 206     6980   725   708   717   824   778   774   811   731   797   721   715   720   677   707   763   873   840   835   822   715   683   711   708
173 206     7613   725   709   720   824   775   774   811   732   797   722   717   720   675   708   760   873   839   836   823   719   682   711   713
177 206     9470   723   709   720   823   778   774   810   732   796   722   717   720   676   708   760   872   838   836   824   715   684   712   708
181 206    10649   725   707   720   824   778   774   812   732   797   718   718   720   677   708   763   872   840   836   824   717   685   711   713
185 206     5919   722   710   720   822   778   774   813   732   796   723   717   716   677   708   762   872   839   835   824   718   684   712   711
189 206     8180   725   710   720   823   778   774   810   732   797   723   718   719   676   708   756   872   839   836   824   715   682   711   709
193 206     7905   724   709   719   825   778   772   812   732   797   722   714   720   677   708   762   872   839   836   822   719   683   709   714
197 206    10852   726   710   720   825   778   774   811   732   797   722   718   718   676   708   762   872   840   836   824   716   684   711   707
201 206    11329   725   709   717   824   778   775   811   732   797   722   717   720   676   704   761   873   840   836   823   716   684   708   709
205 206     8498   725   709   720   824   778   774   811   732   797   723   717   720   677   707   764   872   840   833   824   719   685   712   714
209 206     9044   723   709   720   823   778   775   809   732   798   723   716   719   676   708   760   871   840   836   823   717   683   712   708
129 210    11151   722   709   720   823   778   775   810   732   797   721   717   718   677   708   764   872   837   837   824   715   684   711   709
133 210     8411   724   710   719   825   777   775   812   729   797   722   718   720   677   708   763   874   839   835   822   718   683   712   713
137 210     7853   719   710   720   824   778   775   810   732   795   722   718   718   677   708   763   872   839   837   823   717   684   712   711
141 210    10797   725   709   718   824   778   774   811   731   797   722   717   719   677   707   762   872   839   836   823   717   683   710   712
145 210     8998   725   709   719   824   776   772   811   732   798   722   717   719   676   707   763   873   840   836   823   719   683   711   714
149 210     8612   725   710   720   825   778   774   812   732   797   723   718   719   677   708   763   872   840   836   825   715   684   712   709
153 210     7423   724   709   721   824   778   771   811   731   797   721   717   720   676   708   763   872   840   836   823   720   684   711   713
157 210    10015   724   710   720   823   776   774   811   730   797   721   718   718   677   707   763   871   840   836   824   716   684   711   709
161 210     9864   722   709   719   824   778   775   811   731   795   722   717   719   676   707   763   873   838   836   823   717   684   710   712
165 210    10694   726   709   720   824   777   775   811   730   797   720   718   720   676   707   764   871   839   836   823   718   682   711   713
169 210     8171   724   709   720   822   778   775   810   731   797   722   718   717   676   707   763   872   840   836   823   715   684   712   708
173 210    10925   724   710   719   824   779   775   812   731   798   722   717   720   677   708   764   873   838   837   824   721   684   712   714
177 210     6293   725   709   720   825   778   774   813   732   798   722   718   718   677   707   761   872   835   837   824   715   684   711   710
181 210     7643   725   706   720   825   778   775   811   732   797   721   718   719   675   709   763   873   840   834   823   719   685   712   712
185 210    12033   724   710   719   823   778   774   812   732   795   723   718   719   676   708   762   872   837   835   824   715   684   712   711
189 210     7718   724   710   719   825   779   774   810   731   796   722   714   719   676   707   765   872   839   837   821   716   683   712   709
193 210     9705   725   709   720   825   776   774   811   732   797   720   717   719   677   708   763   872   840   835   824   719   684   712   715
197 210     9846   725   709   721   824   778   774   811   731   797   722   718   719   676   706   762   873   839   836   823   715   684   712   708
201 210     7600   723   706   719   826   776   774   811   731   798   720   718   719   677   708   763   872   836   834   823   718   679   712   711
205 210    11758   726   708   719   824   778   776   813   730   797   722   718   719   675   708   763   870   839   837   822   718   684   711   711
209 210    10658   724   709   719   824   777   775   812   732   796   721   717   719   676   709   763   872   836   836   824   718   685   712   712
129 214    13115   726   710   716   824   779   775   812   732   797   722   717   719   677   709   764   872   839   836   824   719   684   707   715
133 214    10207   725   710   718   824   778   774   812   732   797   722   717   719   676   707   764   871   839   836   824   715   683   711   710
137 214     7596   724   709   720   822   778   772   810   731   797   722   717   718   676   708   763   872   840   836   824   716   684   712   711
141 214     8603   725   709   720   823   779   774   812   731   797   723   718   720   677   708   763   871   839   836   824   719   684   710   715
145 214     9403   724   709   720   824   771   775   812   732   798   723   717   720   676   708   763   873   840   837   824   716   682   711   709
149 214     9462   726   710   720   823   779   773   807   732   797   722   714   719   677   708   762   872   839   836   823   717   685   712   712
153 214    11191   725   710   720   824   778   775   810   732   798   722   717   720   676   708   763   874   839   836   825   718   684   712   713
157 214    10702   725   710   719   825   779   775   812   732   797   723   719   720   677   708   763   873   840   836   824   714   684   711   710
161 214    11827   726   707   720   823   778   775   814   731   797   718   718   720   676   708   758   872   840   835   824   720   682   712   713
165 214     9145   725   710   720   824   774   775   812   729   797   722   718   720   676   708   763   874   839   836   823   716   683   711   710
169 214     6937   724   709   720   825   775   775   812   732   797   722   718   719   674   708   763   874   840   836   823   716   684   712   710
173 214    10226   728   709   720   824   778   774   811   732   795   723   718   720   676   708   762   872   841   837   824   719   683   711   712
177 214     7001   725   710   720   824   778   773   812   731   798   723   717   720   677   705   763   871   840   836   823   715   684   711   710
181 214     8639   725   709   722   825   778   774   812   731   798   722   715   720   676   707   764   872   840   837   822   718   684   712   712
185 214     6015   723   709   720   825   778   774   812   731   798   722   717   718   677   708   764   872   838   837   825   717   684   711   710
189 214     8840   724   710   717   823   778   775   813   732   797   722   719   716   676   707   762   873   840   837   817   716   684   712   709
193 214     9656   725   709   720   824   776   775   812   731   797   722   718   720   677   709   763   872   839   836   824   718   684   712   717
197 214     8504   724   709   720   823   778   775   813   731   799   722   717   720   677   708   763   872   835   837   823   717   684   712   710
201 214    11222   725   709   720   824   778   775   812   730   797   722   716   719   677   708   764   873   840   836   823   718   684   713   711
205 214     7671   724   707   720   824   778   774   812   731   797   720   717   720   675   708   763   874   840   835   823   719   686   711   713
209 214    11601   725   710   719   824   779   775   811   732   796   722   718   720   677   709   764   872   840   837   824   714   683   712   708
129 218    12972   726   705   720   825   778   775   813   731   798   721   717   720   680   708   764   872   840   835   825   716   678   712   710
133 218    11807   725   709   721   824   778   775   813   729   798   721   718   719   676   708   763   870   840   836   823   720   678   712   714
137 218    10654   725   709   720   824   779   776   808   731   798   723   718   720   674   709   760   872   840   836   824   717   684   711   708
141 218     8417   724   709   721   824   778   775   811   731   793   720   718   719   675   708   763   873   839   835   824   719   684   713   714
145 218    10630   726   710   719   825   779   774   812   732   798   722   717   719   676   708   762   872   839   837   824   717   684   712   713
149 218    10651   725   708   720   824   779   775   812   732   798   722   718   720   668   708   764   872   840   836   824   716   684   712   708
153 218    11004   725   711   720   824   777   774   812   731   798   721   717   720   677   703   764   872   839   836   823   719   683   711   714
157 218    10278   724   709   720   824   779   773   812   732   797   723   718   720   676   707   755   873   839   837   825   717   684   711   709
161 218     8560   725   710   719   824   778   775   804   732   797   723   718   720   677   708   765   872   839   836   824   716   683   712   709
165 218     8875   725   710   719   824   778   774   812   732   798   722   717   720   677   704   763   873   842   837   824   719   684   711   715
169 218     8071   724   709   719   823   777   774   811   732   797   722   718   720   677   709   763   872   836   836   824   716   684   711   709
173 218     7267   725   699   720   824   777   774   812   732   797   722   718   720   676   709   764   872   841   834   824   718   686   712   709
177 218     6861   724   710   720   824   778   774   812   731   797   723   717   719   677   708   763   872   840   836   823   719   683   712   712
181 218     6073   724   710   715   824   779   774   812   732   797   723   717   721   677   710   763   873   840   837   823   716   684   704   709
185 218     9929   725   710   721   824   778   774   812   732   798   720   718   720   676   708   763   873   840   834   823   718   683   711   713
189 218    11084   726   709   720   825   778   775   811   731   798   723   718   720   676   708   764   872   840   833   824   719   684   711   713
193 218    10132   725   708   719   824   775   774   812   732   798   723   718   720   667   708   764   872   839   837   824   716   684   712   709
197 218     7997   725   709   720   825   779   774   812   732   797   722   718   719   674   708   764   873   841   837   824   719   683   711   712
201 218     7948   724   709   719   823   777   774   811   732   798   722   715   720   676   707   764   873   840   834   825   716   683   706   710
205 218    10183   725   710   720   825   775   766   812   731   798   722   717   720   675   709   764   873   839   836   824   715   683   711   710
209 218     8961   725   710   720   824   779   775   811   732   797   722   717   720   676   708   764   873   840   836   825   719   684   711   715
129 222     9877   725   710   719   825   778   774   812   732   797   722   718   720   677   708   763   873   841   837   824   717   683   710   713
133 222    11677   726   709   721   824   778   773   812   732   798   723   718   718   676   708   764   872   840   836   825   716   685   712   709
137 222     9632   725   708   721   825   777   775   812   733   798   722   718   720   677   708   764   873   840   837   824   719   684   711   712
141 222     9474   725   710   720   825   778   773   813   726   797   723   718   720   676   708   764   868   840   836   824   715   684   711   709
145 222    10755   725   707   720   825   778   775   812   732   797   719   718   716   677   708   764   873   840   837   824   716   684   712   713
149 222     8631   723   709   720   825   779   776   811   733   797   722   719   716   671   708   763   873   840   836   824   715   683   711   712
153 222     8865   726   709   721   822   778   775   811   733   796   722   717   719   676   708   764   872   839   837   824   716   683   712   709
157 222    11997   725   710   719   825   779   776   813   732   798   722   717   720   676   705   763   873   840   836   824   719   684   708   713
161 222     9752   725   712   720   825   779   775   812   732   798   716   718   720   677   709   762   873   837   836   824   714   684   711   709
165 222     6870   724   709   721   823   779   775   812   732   797   722   718   720   676   707   763   873   840   837   824   720   683   712   714
169 222     8946   725   709   717   825   778   776   812   732   798   722   717   719   676   704   763   873   840   838   823   717   683   707   710
173 222     7043   724   710   715   827   778   774   813   732   798   722   718   719   676   708   764   873   840   837   824   718   684   705   713
177 222     8495   724   710   721   825   778   775   809   732   798   722   718   719   677   709   760   873   840   836   824   721   684   712   713
181 222     9446   724   710   720   824   778   772   812   732   797   722   718   720   677   708   764   873   838   837   824   716   684   712   709
185 222     9678   726   710   721   825   779   776   812   731   797   722   717   720   676   709   763   872   840   837   824   720   683   711   714
189 222    12066   723   709   721   822   779   775   812   731   795   723   718   719   676   708   761   873   838   836   824   719   684   712   714
193 222    10403   726   710   720   825   778   774   812   731   797   722   716   720   677   708   764   874   841   837   821   718   684   710   710
197 222    10987   726   711   721   825   778   775   812   732   797   722   718   720   676   709   764   873   837   836   824   716   683   711   713
201 222    11628   725   710   721   823   779   775   805   732   797   723   719   719   676   708   761   873   840   837   824   719   684   711   714
205 222     8279   725   707   719   825   779   774   812   731   797   719   718   719   677   707   764   872   839   836   825   715   682   711   709
209 222     7984   724   710   721   825   778   774   812   732   798   722   717   719   676   708   764   873   841   834   824   718   684   710   713
129 226     9054   725   707   720   825   778   775   812   729   797   722   718   720   676   708   764   871   840   836   824   720   682   713   713
133 226     9930   725   710   721   826   778   775   812   731   797   722   718   720   677   709   763   872   841   837   825   715   683   712   710
137 226    10227   723   710   721   818   779   776   813   732   798   722   718   720   677   708   762   873   840   836   825   719   684   712   715
141 226     7196   723   710   720   825   779   775   812   732   797   723   717   719   677   708   764   873   840   837   825   716   684   711   710
145 226    10973   723   710   720   823   778   775   813   732   796   722   717   719   677   708   763   873   839   838   824   717   684   711   713
149 226    10732   725   710   721   824   779   776   812   732   797   723   717   719   676   701   764   873   841   838   825   720   684   710   713
153 226     8587   725   709   719   824   776   775   812   732   798   722   719   720   675   710   763   873   840   837   821   717   684   709   709
157 226     9737   725   709   721   824   778   776   811   731   797   720   719   720   676   710   763   874   840   834   823   719   686   712   714
161 226     9504   725   711   721   822   776   775   810   732   797   722   717   718   676   709   762   873   841   837   824   715   683   712   709
165 226     4156   723   709   720   825   779   775   811   731   798   722   718   719   676   708   762   873   840   836   824   720   684   712   713
169 226    10408   725   710   718   825   779   775   812   733   799   722   717   720   677   709   763   873   840   836   825   718   684   708   712
173 226    11708   726   710   718   825   779   773   813   733   797   723   714   719   676   708   763   873   840   835   824   716   685   709   710
177 226     7718   724   710   720   824   778   774   813   731   796   722   718   719   676   708   764   872   840   837   823   719   685   712   714
181 226    11256   726   710   720   824   779   775   813   732   798   721   718   719   677   707   764   873   840   837   824   715   684   710   709
185 226     9780   724   709   719   825   779   774   812   732   798   722   718   719   677   706   764   872   839   837   824   718   683   711   712
189 226     9330   724   709   720   824   778   775   806   733   796   722   718   719   677   709   763   873   840   837   824   716   684   712   714
193 226     7970   725   711   720   825   778   775   811   732   797   722   718   720   675   707   764   873   840   838   825   716   684   712   710
197 226     8754   725   710   720   824   779   773   813   732   799   722   718   720   677   707   764   873   839   837   824   717   684   712   716
201 226     8174   724   709   719   824   778   775   812   732   800   722   718   719   677   709   763   873   835   837   825   717   684   711   708
205 226     8814   725   709   721   825   774   776   812   733   798   722   718   720   676   708   762   872   841   837   825   718   683   712   712
209 226     8109   725   705   720   825   778   774   813   733   798   722   718   719   679   708   763   873   841   836   823   717   680   712   711
129 230     9769   726   710   720   825   778   775   810   731   798   722   718   719   677   709   763   872   840   837   822   717   684   712   708
133 230     8503   726   710   721   824   777   776   811   733   795   722   719   721   676   708   763   873   840   839   824   718   681   712   714
137 230    11233   726   708   721   825   779   776   812   731   797   723   718   720   677   708   764   872   839   837   824   717   683   711   713
141 230     8121   724   710   720   820   779   774   812   732   798   722   718   719   677   708   767   873   841   837   824   715   684   712   707
145 230     8326   725   709   721   824   778   775   812   732   798   722   718   715   677   709   764   873   839   837   824   720   684   711   714
149 230    11343   727   710   721   825   777   775   812   732   797   722   718   722   677   709   761   873   841   838   825   713   684   712   710
153 230     9061   723   710   721   823   778   776   812   732   789   722   718   722   677   708   765   873   839   837   825   717   684   712   712
157 230     8137   725   710   719   825   779   771   813   732   798   723   722   719   677   703   764   873   841   837   821   720   685   711   713
161 230     8555   725   708   721   825   780   775   812   732   797   721   717   720   675   709   764   873   840   834   824   715   682   712   707
165 230     9676   725   710   721   825   778   776   813   732   797   719   718   719   677   708   762   873   841   837   825   720   684   712   712
169 230     9604   726   710   720   825   779   776   809   732   797   722   718   720   677   708   765   873   847   836   824   720   684   712   711
173 230     7924   726   710   720   825   778   774   812   732   798   724   718   720   677   707   763   872   840   837   825   717   684   711   711
177 230    12865   723   710   721   825   778   776   811   731   797   722   716   720   676   708   764   872   840   837   827   721   684   712   715
181 230     8470   725   705   721   824   778   775   812   732   797   722   718   719   677   708   763   873   841   837   825   716   681   711   709
185 230    11468   726   709   720   825   778   777   813   731   798   722   719   720   676   704   763   874   840   837   824   718   683   710   715
189 230     9539   726   710   716   823   778   775   811   733   799   723   715   719   677   709   757   873   840   836   823   717   684   711   712
193 230    10137   726   709   719   825   779   775   811   732   798   722   719   720   677   708   763   873   841   837   825   717   685   712   712
197 230     7317   724   710   720   825   779   775   811   732   797   722   718   721   676   709   763   873   841   836   825   719   685   712   716
201 230     9816   727   710   721   825   776   776   813   728   798   723   718   720   677   708   764   874   840   837   827   717   682   712   708
205 230    10595   726   709   721   825   778   775   813   733   798   722   719   720   678   708   763   873   841   837   824   717   677   712   711
209 230     9641   725   710   720   823   779   774   812   732   793   723   718   721   677   708   764   873   836   837   825   718   685   712   713
129 234     8427   724   709   720   824   779   774   812   733   797   723   717   720   677   701   764   873   839   837   825   718   684   712   713
133 234     9218   726   709   721   825   778   774   813   732   798   723   718   720   677   706   763   874   840   836   825   716   684   711   708
137 234     9369   725   709   720   825   779   774   812   732   799   723   718   720   677   709   764   873   840   837   826   719   684   711   715
141 234    11186   726   713   720   825   779   778   813   732   797   715   716   720   677   702   764   873   841   837   825   716   685   711   712
145 234     8085   725   710   720   825   775   776   813   732   797   722   718   719   674   708   763   873   840   837   824   716   682   711   708
149 234    10521   726   710   721   825   779   775   809   732   798   722   717   720   677   709   760   871   840   837   825   720   685   712   713
153 234     7477   725   710   720   826   779   774   812   731   797   723   718   713   676   709   763   873   841   837   822   717   684   712   711
157 234     8213   724   710   720   825   778   775   812   728   798   721   717   720   677   709   764   871   840   837   826   716   684   711   711
161 234     8705   725   709   721   825   777   776   812   732   798   723   718   720   673   708   764   872   841   837   825   721   684   712   715
165 234     9114   725   710   721   824   778   775   813   732   797   722   719   719   677   709   763   873   841   838   824   717   685   712   710
169 234     7144   723   710   721   825   779   776   812   732   797   722   718   711   677   708   763   873   838   838   824   719   684   712   713
173 234     6831   725   710   718   825   778   774   812   732   798   722   713   720   677   709   764   873   841   837   823   719   684   708   712
177 234    10959   725   710   721   826   779   775   813   732   797   723   718   719   677   708   763   874   837   837   825   717   684   712   710
181 234     9537   725   710   720   826   779   773   812   732   798   723   719   720   676   708   763   874   841   837   824   719   684   711   713
185 234     7135   725   709   721   825   777   774   813   732   798   722   716   719   676   708   763   872   841   837   824   719   683   713   712
189 234     7909   720   710   721   824   780   776   812   733   798   722   719   720   677   709   763   874   840   839   825   715   684   712   711
193 234     8938   723   710   721   825   778   777   813   732   796   722   719   719   677   708   763   873   841   837   824   721   684   712   714
197 234     9910   725   709   721   826   779   776   813   733   798   721   718   721   677   708   765   873   840   837   824   715   685   712   710
201 234     9701   725   710   721   824   778   776   813   732   797   723   718   720   676   709   763   873   838   837   825   719   684   712   714
205 234     7790   724   710   720   824   779   775   813   732   800   723   718   721   677   708   763   873   840   839   825   716   684   712   710
209 234    11274   725   710   721   825   779   775   813   734   799   723   718   719   677   709   765   871   837   837   824   719   684   711   713
129 238     9362   725   710   719   825   779   774   812   733   798   723   717   720   677   710   763   874   840   837   824   719   684   708   714
133 238     9613   725   706   721   825   777   775   812   732   798   722   719   720   674   709   764   873   840   837   825   715   682   712   708
137 238     8127   725   709   721   824   778   776   813   731   798   722   717   720   677   709   764   872   841   836   825   719   684   712   715
141 238    11838   726   710   722   825   779   777   812   731   798   723   718   719   677   707   763   872   841   837   825   720   684   713   715
145 238    12145   728   708   722   825   776   775   813   731   798   722   718   720   675   709   764   871   842   838   824   717   682   712   710
149 238     6726   725   710   721   824   779   776   813   732   798   722   715   719   677   709   764   872   838   838   824   716   684   712   707
153 238     8125   725   710   719   824   779   772   812   733   798   723   717   720   677   708   760   873   841   837   825   721   684   711   715
157 238     7210   725   709   720   825   779   776   813   731   798   722   718   720   677   708   764   872   841   838   826   716   685   712   709
161 238     7529   725   709   721   826   778   774   812   732   798   719   718   720   677   707   764   874   841   833   825   719   684   711   713
165 238    10189   725   706   721   825   778   775   812   732   798   721   718   720   678   708   764   873   840   836   825   718   684   711   713
169 238     8154   725   709   721   826   775   776   812   732   796   722   718   720   677   708   764   873   840   837   824   716   684   713   710
173 238     7814   717   710   720   825   779   774   813   733   799   722   718   720   677   709   763   872   839   838   822   720   684   712   713
177 238    11494   727   709   720   824   781   776   809   732   799   722   718   721   668   709   761   873   841   837   825   718   684   712   709
181 238    10650   726   710   721   825   779   775   812   732   797   722   718   719   677   709   762   874   838   837   826   720   685   712   715
185 238    10024   725   710   720   825   779   775   812   731   796   723   717   720   677   709   764   872   840   837   824   716   684   711   710
189 238     6706   725   710   721   825   779   773   812   732   797   723   718   720   677   708   764   874   840   837   825   720   684   711   713
193 238    10548   727   710   721   823   779   774   813   732   798   722   718   719   677   708   764   873   843   838   825   716   684   712   709
197 238     6899   725   710   720   825   779   776   813   732   798   723   719   720   678   709   762   873   841   832   825   722   682   712   714
201 238     7490   727   710   721   824   779   774   813   732   795   722   717   719   677   708   765   874   841   838   825   716   684   711   709
205 238     9837   725   709   721   825   780   776   813   732   798   723   719   720   677   709   764   873   841   838   824   719   685   712   712
209 238     7409   724   710   721   825   778   775   811   733   798   722   718   720   678   708   763   874   841   839   825   719   684   713   711
129 242     8040   725   710   721   825   778   775   812   733   798   722   719   721   678   709   764   874   841   839   821   716   684   712   710
133 242     7475   724   709   721   825   779   776   812   733   799   723   718   720   677   709   763   874   840   837   824   720   684   712   713
137 242     7497   725   710   721   824   778   775   813   731   801   723   718   720   677   708   764   874   835   838   825   716   684   712   708
141 242    10199   726   710   721   824   779   776   814   732   797   723   719   718   677   709   764   873   840   837   825   718   684   712   712
145 242     6218   724   710   720   825   776   776   813   731   798   723   719   721   677   709   764   873   840   837   824   716   684   712   711
149 242     6263   724   710   721   824   779   775   806   732   799   722   718   718   677   709   759   873   840   837   825   716   684   712   714
153 242     9125   726   710   721   825   779   774   812   732   798   722   718   716   677   708   763   872   842   837   824   720   685   712   711
157 242     8795   725   710   721   825   774   776   813   733   797   722   719   719   676   709   764   873   841   837   823   718   685   711   713
161 242     9055   726   709   720   824   779   775   813   731   798   722   717   720   677   708   764   873   841   838   825   719   684   711   711
165 242    11395   726   708   721   825   777   776   812   732   798   723   718   719   675   709   764   875   841   836   825   716   684   712   711
169 242     8225   724   710   721   825   778   775   813   730   797   723   719   720   677   707   763   871   840   836   825   719   683   712   713
173 242    10694   726   707   719   826   779   773   813   732   798   723   717   720   675   709   764   874   841   836   824   715   682   711   710
177 242     9477   725   710   721   826   778   776   813   733   798   722   717   719   678   710   764   873   841   837   825   720   684   712   715
181 242     8874   724   709   720   825   779   776   813   736   797   722   718   722   677   708   764   876   840   837   825   713   683   712   709
185 242     8917   726   709   721   825   777   775   813   732   796   722   719   721   676   709   764   873   841   836   825   719   684   712   716
189 242    10207   726   709   721   825   778   775   813   732   798   722   719   720   677   709   763   873   840   837   824   719   684   712   714
193 242     7787   725   710   721   825   780   775   813   731   799   722   718   720   677   706   764   871   843   838   825   715   684   712   709
197 242     5838   725   710   719   825   777   774   813   732   798   723   718   720   677   706   764   873   841   837   826   720   684   709   717
201 242    10583   726   709   721   825   778   776   813   728   798   721   718   719   674   709   765   867   841   838   825   716   684   712   712
205 242    11817   727   710   720   826   779   774   813   732   798   722   719   719   677   709   764   874   835   837   824   718   685   711   712
209 242     8715   726   711   717   825   779   779   812   733   798   722   717   720   678   705   764   873   840   838   825   720   685   707   714
129 246     5794   725   710   721   825   779   776   813   731   799   722   717   720   676   708   765   873   842   838   828   716   684   713   711
133 246    12455   727   706   721   819   779   776   812   732   798   722   718   721   677   709   764   873   840   837   825   716   682   712   712
137 246    11268   726   711   722   825   778   776   813   729   798   722   718   720   677   707   764   869   841   837   825   720   684   715   715
141 246     9172   726   710   720   824   779   776   808   733   797   723   716   720   677   709   762   874   840   837   825   717   684   713   709
145 246     8202   725   710   721   825   777   776   813   733   798   719   718   720   677   708   763   873   841   835   826   720   684   712   714
149 246    10430   726   710   720   826   778   775   812   733   797   723   718   720   675   708   765   873   840   838   825   718   684   712   712
153 246    11715   728   711   721   825   779   776   813   733   795   722   718   720   676   708   764   874   841   838   825   718   685   712   712
157 246     9925   726   710   721   826   778   776   811   732   799   723   718   719   677   709   756   873   840   837   825   719   684   711   712
161 246     7113   725   711   721   826   779   776   812   732   798   723   719   722   677   710   763   874   841   837   826   712   686   712   711
165 246     9880   726   710   721   825   779   775   812   733   796   723   719   720   677   709   764   874   839   838   826   719   685   713   714
169 246     9109   724   710   722   823   779   776   809   732   798   723   719   718   677   709   763   873   841   837   825   718   684   712   712
173 246     8286   726   711   721   824   779   776   814   733   793   722   718   719   677   709   763   874   836   837   825   721   686   713   712
177 246    12357   727   709   722   825   777   776   813   732   799   724   719   720   677   709   764   872   842   837   824   720   684   712   715
181 246    10473   726   711   720   825   779   770   813   732   798   722   718   719   678   706   764   874   841   838   825   716   684   711   710
185 246    10098   726   707   721   825   779   776   809   731   799   722   718   719   677   709   765   874   842   836   826   721   686   713   711
189 246    12707   727   710   721   825   779   776   812   733   798   723   719   719   677   709   763   873   841   838   824   720   684   712   715
193 246    10721   722   706   721   825   778   775   812   732   798   722   718   722   677   709   764   872   841   837   826   715   682   713   710
197 246     9876   726   710   720   826   778   776   813   732   800   722   718   719   677   709   764   873   838   837   826   718   684   711   712
201 246     8695   722   710   722   826   779   776   812   733   798   723   718   719   677   709   764   873   841   838   825   719   684   713   715
205 246    10026   723   710   720   822   780   777   813   732   798   723   718   719   676   709   763   874   841   838   826   718   684   712   710
209 246    10353   726   710   720   825   779   776   813   731   798   723   720   718   677   709   764   873   840   837   825   719   684   711   714
129 250    10632   727   709   721   826   776   776   812   732   798   719   718   720   676   709   764   873   842   837   825   720   684   712   715
133 250     9962   726   710   720   825   779   774   813   732   798   723   719   720   677   706   764   873   840   838   825   715   684   712   708
137 250     8773   726   710   720   826   777   776   813   732   798   722   718   720   677   709   764   873   842   838   824   718   684   712   713
141 250    10739   724   710   721   824   779   777   812   733   798   722   718   717   677   709   763   874   841   837   825   718   684   713   712
145 250    12453   727   710   720   826   779   775   813   732   799   723   718   720   678   709   764   871   841   837   823   716   685   713   709
149 250    10488   727   710   721   822   779   776   811   732   798   723   719   720   677   708   764   874   841   837   826   720   684   712   713
153 250    14170   727   710   722   825   779   776   812   732   799   722   719   719   678   709   765   874   841   836   825   719   685   712   715
157 250    10290   726   710   722   824   779   777   814   732   798   723   719   720   678   708   764   874   840   838   825   716   684   713   713
161 250     8970   726   710   721   825   777   775   813   732   798   722   719   719   676   708   764   873   841   839   825   718   684   712   711
165 250    11218   727   710   721   826   778   774   813   733   798   724   719   720   677   708   764   873   841   834   824   719   685   712   713
169 250     7969   726   709   721   825   779   776   812   731   799   723   719   720   678   709   763   871   841   837   824   716   683   712   708
173 250     8356   723   711   721   825   779   776   812   733   797   720   719   720   677   709   763   874   840   834   825   717   683   713   712
177 250    10766   725   710   721   825   779   777   811   733   799   722   718   719   677   709   763   873   840   837   825   720   683   712   714
181 250     7789   726   710   720   825   779   774   814   731   798   723   719   720   677   709   763   874   842   837   826   715   685   711   708
185 250     9649   722   710   722   820   780   777   813   733   796   723   719   719   677   709   763   874   839   838   825   719   684   712   711
189 250    11341   726   711   721   825   779   776   812   732   797   722   719   717   678   710   765   873   840   838   825   717   684   712   714
193 250     9832   726   710   718   825   779   776   813   733   798   723   717   720   677   702   764   873   841   838   824   717   685   707   711
197 250     8179   726   710   719   825   779   776   813   731   799   722   717   720   677   707   764   871   841   838   824   722   684   711   715
201 250     9322   726   707   721   825   779   776   813   732   798   722   719   720   677   709   763   873   842   837   825   716   680   713   710
205 250    11618   726   710   721   825   779   776   813   731   798   722   720   721   677   709   764   873   841   837   823   719   685   711   714
209 250     7671   726   710   721   825   778   776   811   731   798   722   718   720   677   709   764   874   841   838   825   719   685   712   717
