! Map center:  169,210
129 170    14008   722   707   718   823   776   772   809  4404   794   721   716   720   676   705   762  4526   837   833   821   715   682   709   709
133 170     6730   721   707   717   823   773   770   807   729   795   719   715   718   677   709   761   868   836   832   820   719   681   707   710
137 170    10466   723   707   714   820   775   769   808   731   793   720   714   720   671   705   760   870   835   833   819   717   681   709   709
141 170    10304   723   705   717   823   776   772   805   729   792   722   715   718   672   703   760   868   837   835   819   716   683   707   708
145 170     9992   722   706   716   820   775   769   806   730   796   720   714   720   673   706   761   868   833   834   820   720   682   710   713
149 170     7387   719   706   718   822   771   771   808   730   795   721   715   716   673   707   759   869   836   831   820   715   682   707   706
153 170     9379   722   707   719   820   776   769   805   729   797   720   713   718   674   705   759   867   834   834   820   720   680   709   712
157 170    10736   718   706   719   824   773   771   808   731   796   722   718   716   675   708   761   869   838   834   818   715   681   707   705
161 170    10937   725   710   715   821   775   769   808   728   795   720   716   719   678   706   762   869   836   834   822   718   681   711   714
165 170     7817   717   707   718   821   774   768   808   731   796   719   716   717   673   706   761   869   838   834   819   715   684   709   707
169 170     7831   721   706   718   819   772   772   806   731   795   720   713   718   677   705   760   869   835   831   821   719   683   710   711
173 170     7263   720   706   715   822   775   769   807   728   794   719   717   719   672   705   762   868   835   833   817   716   681   709   708
177 170    10225   722   704   718   823   774   769   807   730   794   722   714   719   672   706   761   869   835   833   818   717   682   708   708
181 170     9759   722   706   717   822   772   771   807   730   794   722   715   719   675   705   763   870   836   832   820   719   683   708   711
185 170     6949   722   708   718   819   774   769   809   730   795   717   716   718   674   705   759   870   831   834   821   718   678   710   708
189 170     9014   722   705   718   821   775   773   806   727   791   721   714   719   674   704   762   865   836   832   819   718   684   710   712
193 170     7551   722   705   718   822   776   771   808   729   794   722   716   719   673   705   761   869   836   834   820   714   683   709   705
197 170    10057   719   707   718   820   773   771   809   730   795   721   715   717   675   707   760   870   834   834   821   720   683   709   711
201 170     9526   721   707   717   823   776   767   809   731   793   720   714   718   673   705   762   870   835   834   818   714   682   709   708
205 170     9805   722   708   718   819   775   771   809   733   795   721   712   719   674   705   758   870   834   832   820   719   684   708   712
209 170    10114   722   706   717   821   775   770   805   729   796   721   716   718   672   704   761   867   834   835   819   717   681   710   709
129 174     8147   721   707   719   821   773   771   806   731   795   719   715   718   675   703   763   870   836   834   820   718   681   708   712
133 174     9278   722   708   718   821   774   769   808   728   794   720   715   718   675   706   762   868   835   832   819   716   683   710   709
137 174     9424   721   706   719   821   777   771   808   730   794   722   715   719   673   706   759   869   836   833   820   717   684   708   712
141 174     9524   719   708   717   820   776   768   808   732   796   718   716   716   672   705   760   870   836   833   820   716   681   710   709
145 174     8010   719   707   713   822   775   774   809   730   795   724   717   717   678   705   761   871   835   832   820   716   682   710   708
149 174     6751   721   707   717   820   774   771   810   730   796   720   717   718   674   706   760   870   836   834   821   721   682   712   712
153 174    10720   721   709   717   822   776   769   807   732   795   721   717   717   673   706   761   870   834   834   820   715   682   712   705
157 174    11040   722   709   717   821   776   768   808   732   794   718   716   719   674   706   761   870   835   835   817   719   680   710   711
161 174     6340   722   706   718   819   774   771   808   731   793   721   715   719   674   709   760   870   836   837   818   715   683   707   708
165 174     7978   722   706   717   821   779   771   808   728   793   722   716   720   672   706   761   867   836   832   819   717   683   711   712
169 174    10704   725   705   719   822   776   770   808   731   792   721   715   720   673   708   763   872   835   833   819   716   682   709   708
173 174     7821   722   709   719   822   773   766   809   727   794   719   716   719   675   707   761   865   838   834   820   717   682   710   711
177 174    10740   722   708   718   820   775   770   809   732   796   720   716   718   674   705   762   872   833   834   818   720   682   709   709
181 174     8022   722   705   718   821   776   770   810   730   796   722   716   718   673   705   760   869   836   831   822   716   683   711   709
185 174     7364   723   705   718   821   775   772   808   731   794   719   713   719   674   707   760   869   838   835   818   720   683   708   709
189 174    11102   723   707   721   818   774   771   807   732   795   720   714   720   672   708   758   871   834   834   819   717   683   706   708
193 174    10326   725   708   718   818   773   772   809   732   792   722   715   720   674   706   757   871   836   834   819   719   682   710   711
197 174     9333   723   707   718   820   775   768   807   731   796   718   714   719   675   705   761   870   836   832   820   718   683   709   710
201 174    12177   724   705   718   820   775   773   806   732   793   721   714   719   673   702   760   871   837   833   821   718   684   710   714
205 174    11065   723   708   716   822   773   772   808   728   796   722   716   718   676   705   761   868   835   833   823   716   685   711   712
209 174    10302   722   707   716   823   774   770   807   730   796   721   716   717   674   704   764   870   835   833   818   719   684   711   710
129 178     7874   721   705   719   822   773   771   807   728   796   722   714   717   677   705   762   869   837   832   822   720   680   710   714
133 178    10090   723   707   716   822   773   772   807   728   793   722   714   720   674   705   762   868   837   832   820   714   683   708   707
137 178    10562   723   706   719   821   775   771   807   728   796   722   714   719   674   704   762   868   835   834   822   718   682   708   713
141 178     7710   722   706   717   819   776   769   806   729   795   719   715   719   675   707   761   869   836   834   819   715   683   710   707
145 178     6348   724   708   717   819   775   771   808   732   790   721   716   719   675   707   760   872   836   834   819   719   683   709   710
149 178    10760   723   707   717   821   776   771   808   730   794   722   715   719   673   709   760   870   835   833   821   715   683   708   706
153 178     7158   723   708   718   823   774   771   807   730   793   720   716   719   675   705   763   868   835   834   819   720   682   710   715
157 178    10322   722   706   719   818   776   769   811   731   795   719   716   720   673   708   758   871   834   835   821   716   681   709   707
161 178     9292   720   708   720   823   776   773   805   729   796   719   712   716   675   706   760   867   834   834   820   720   684   708   713
165 178     8570   721   708   718   824   775   772   804   729   794   721   716   719   676   707   764   868   834   834   819   715   683   712   706
169 178    10418   724   704   717   822   777   772   809   732   792   722   715   719   672   705   762   870   837   833   821   718   683   710   712
173 178     9924   722   708   718   822   775   769   808   730   795   719   715   718   675   706   763   871   836   835   818   715   680   709   707
177 178     8861   724   709   720   819   774   770   806   729   794   720   712   719   676   707   760   867   835   835   821   719   683   708   713
181 178    10809   722   706   719   821   774   772   808   731   797   722   717   718   673   707   761   868   834   833   821   714   682   710   707
185 178    13040   723   708   715   823   776   773   809   730   796   721   717   717   675   702   764   870   835   833   819   719   683   713   711
189 178    10019   721   708   717   822   773   771   808   728   795   719   713   718   674   703   762   868   837   832   821   715   683   710   708
193 178     8194   722   709   720   822   776   769   807   730   794   720   713   722   676   707   760   869   836   835   820   717   681   708   713
197 178     8202   721   707   719   822   776   771   808   730   795   720   714   716   673   707   764   869   835   836   820   717   682   706   708
201 178     8710   723   703   714   823   773   773   809   732   796   724   716   719   674   702   761   871   837   831   817   719   684   712   710
205 178     6008   721   708   716   823   777   772   807   729   797   722   714   717   676   706   762   870   836   833   823   715   683   708   707
209 178    12241   723   705   714   821   776   773   808   731   795   722   717   719   675   702   760   870   836   832   819   720   684   710   712
129 182     7296   723   707   719   822   777   772   810   731   795   719   716   717   673   707   761   872   834   834   821   720   682   711   710
133 182     8424   722   706   719   820   773   772   809   729   793   721   716   718   673   707   760   870   837   834   821   716   683   711   710
137 182     7329   723   704   719   821   777   773   810   729   795   721   716   719   672   706   760   871   836   831   823   718   682   710   709
141 182     7920   722   706   719   821   776   770   807   729   795   721   715   721   674   705   760   867   837   832   822   718   683   707   713
145 182     7053   721   709   720   823   774   771   808   729   796   722   715   717   675   704   762   868   837   833   820   717   683   711   708
149 182    10021   722   707   718   823   774   771   809   728   793   720   715   717   674   706   764   868   834   834   821   719   683   710   710
153 182    10837   724   710   717   821   777   769   807   731   796   719   717   719   677   706   758   870   837   833   819   715   680   710   708
157 182    10990   723   707   718   823   775   769   808   732   798   721   716   719   675   704   760   870   835   837   818   722   683   707   711
161 182    11248   724   708   716   819   775   769   810   732   792   721   717   719   676   706   761   872   837   834   819   714   685   710   707
165 182     7246   722   707   716   822   776   770   808   730   796   720   715   721   673   704   760   868   836   834   820   718   683   709   714
169 182    11667   721   705   720   822   776   772   809   730   797   722   714   716   674   706   762   869   834   833   824   717   681   711   709
173 182    10366   721   708   717   822   777   772   807   730   794   722   713   720   674   708   761   868   837   835   819   718   683   708   712
177 182     8984   722   707   719   824   775   771   808   730   795   722   713   717   676   705   762   870   836   833   821   717   684   708   709
181 182    10518   723   708   719   823   776   771   808   730   794   724   716   718   674   705   759   870   835   833   821   719   684   710   713
185 182     8942   723   708   717   820   774   772   808   731   793   721   717   719   675   706   760   871   837   833   820   717   683   710   708
189 182    11127   725   707   718   823   773   771   808   731   796   720   715   718   676   706   761   870   837   833   821   719   681   709   710
193 182    11024   723   708   716   824   776   771   804   728   795   722   716   716   676   703   761   868   837   835   819   717   684   712   709
197 182     8431   723   708   717   822   776   770   807   729   796   723   715   718   676   705   762   868   837   834   821   719   682   709   714
201 182     9184   723   709   715   821   776   772   810   733   794   720   716   718   674   704   760   870   837   833   820   717   684   711   706
205 182     8248   724   710   717   820   773   774   809   731   793   720   716   719   677   704   760   869   837   834   821   719   680   710   713
209 182    10948   723   707   719   820   774   769   806   732   795   720   713   720   676   705   762   870   837   835   821   715   683   708   709
129 186     8782   725   709   718   819   775   771   810   732   791   719   715   719   676   707   759   870   837   835   819   715   683   709   708
133 186     7586   721   705   717   821   776   774   810   730   796   722   716   720   676   702   758   869   835   831   820   718   683   711   714
137 186    10446   722   709   719   824   776   772   807   730   797   722   714   718   675   705   761   870   835   835   822   717   684   708   708
141 186    10060   723   708   715   819   776   773   808   730   794   722   718   719   675   704   759   869   837   835   818   719   684   713   712
145 186    10431   722   706   716   822   776   773   809   731   796   721   716   717   674   704   762   870   834   832   823   716   682   710   709
149 186    10471   721   708   720   823   774   771   805   730   796   719   714   718   674   706   761   868   834   835   822   720   681   709   712
153 186     9734   723   708   720   823   773   767   808   730   794   719   715   716   675   707   762   869   835   835   822   716   682   709   711
157 186    11855   725   708   719   823   776   767   806   729   794   718   714   719   675   706   762   868   836   834   820   718   680   707   714
161 186    10488   724   706   719   820   773   770   810   731   795   720   714   720   674   707   763   870   837   835   822   717   681   711   711
165 186     9841   724   708   720   819   776   771   809   729   794   720   716   718   673   707   757   869   837   837   819   717   683   709   710
169 186    12565   725   708   720   821   774   771   808   733   795   719   716   719   675   707   761   870   837   834   823   715   683   710   709
173 186    14988   725   707   717   825   776   774   808   730   796   721   715   717   675   703   761   869   835   833   822   718   682   710   711
177 186     8562   722   707   719   822   776   770   810   730   794   720   715   720   674   704   761   871   837   833   822   718   683   710   712
181 186    11770   725   709   719   818   774   774   809   731   793   721   718   719   676   707   761   872   837   835   818   718   683   709   708
185 186    11006   724   708   718   822   777   772   807   731   795   718   714   719   672   705   762   871   838   834   821   719   683   708   713
189 186     8320   722   708   717   822   777   771   809   728   795   722   712   720   673   706   759   869   838   834   819   714   685   709   710
193 186     7948   723   707   718   820   775   773   810   731   795   724   717   722   673   706   760   870   836   833   819   719   684   707   713
197 186     9726   724   706   716   822   774   772   809   730   795   720   716   718   673   705   762   871   836   833   818   716   681   713   707
201 186     9823   721   710   720   821   776   772   806   728   797   720   716   716   675   707   759   867   837   835   819   720   682   708   714
205 186    12804   723   707   720   823   777   769   807   731   796   720   715   718   675   705   762   871   836   834   820   715   683   711   708
209 186     9031   719   706   719   822   776   773   806   729   796   722   716   718   674   707   760   868   837   833   820   719   684   710   714
129 190     9555   723   706   717   823   777   772   809   732   797   721   716   720   676   706   762   871   835   833   820   718   681   708   711
133 190     8503   724   707   718   819   777   772   809   731   796   721   714   718   676   705   760   871   835   834   820   717   683   712   707
137 190     9570   725   708   720   820   777   772   808   732   795   719   714   720   676   706   763   872   837   836   822   719   682   709   707
141 190     9697   721   705   721   821   777   771   810   730   796   723   715   721   673   707   762   871   835   833   823   716   681   709   708
145 190     8668   722   708   719   822   774   773   809   729   794   718   714   717   675   709   760   868   838   835   821   720   683   708   712
149 190     8067   724   708   721   822   773   772   809   731   793   719   716   718   675   706   762   870   837   835   822   718   681   711   710
153 190    12890   723   708   715   820   775   773   810   730   795   722   717   721   674   707   759   870   836   835   821   716   681   711   710
157 190    10176   723   704   714   822   774   773   810   730   796   721   714   719   677   702   757   869   838   834   817   719   683   710   711
161 190    13455   724   705   720   823   778   773   806   729   796   721   713   721   673   704   763   868   836   835   822   714   684   708   710
165 190    13719   722   709   718   820   776   772   807   730   797   722   718   721   673   706   759   868   835   834   820   718   682   710   715
169 190    13927   722   706   720   823   777   772   810   732   798   722   715   718   674   706   761   871   835   832   821   716   684   710   705
173 190    12039   724   708   718   822   774   769   809   730   796   721   715   720   673   704   763   870   836   833   820   719   682   709   713
177 190    14402   722   709   720   822   776   771   806   728   796   722   712   717   674   707   761   868   836   835   822   717   684   707   710
181 190    10999   723   707   717   821   775   772   810   731   794   719   716   718   675   706   764   871   837   834   821   719   682   711   709
185 190    12160   725   713   720   820   774   773   810   732   795   718   715   720   677   707   762   873   838   834   822   718   681   709   710
189 190     8314   723   710   719   821   775   770   807   732   795   718   714   720   676   707   763   871   841   835   821   716   681   709   708
193 190     7620   720   709   719   824   777   771   807   730   796   722   713   717   676   707   761   868   838   835   822   721   684   708   714
197 190     9735   724   709   716   823   774   772   809   731   796   719   715   718   676   704   762   871   837   836   821   717   680   708   708
201 190     9483   722   704   717   820   777   773   808   731   795   722   714   718   676   706   762   870   837   835   819   720   684   710   713
205 190     7396   721   707   719   823   776   771   809   731   795   722   714   718   672   706   763   872   834   834   822   714   682   708   705
209 190     9237   723   707   719   823   775   770   806   729   796   721   714   717   675   707   762   869   837   834   822   720   682   709   716
129 194    10228   721   709   714   821   776   771   808   730   797   721   716   719   675   705   760   869   838   834   818   717   684   711   712
133 194     9610   722   706   717   822   777   774   811   731   796   724   716   718   672   705   761   871   835   831   821   716   682   711   703
137 194    12648   724   707   718   822   776   773   809   731   793   722   717   719   674   706   762   873   836   836   819   721   683   710   709
141 194     9989   723   705   719   821   777   771   812   732   794   722   716   719   675   707   760   871   835   832   821   716   681   710   708
145 194    10054   723   711   718   823   777   769   806   729   796   718   711   720   677   707   762   870   840   834   822   720   680   707   713
149 194    10221   720   706   719   824   778   774   810   731   796   720   717   718   672   706   762   870   835   832   823   716   684   711   710
153 194    12746   724   707   716   821   776   773   812   731   796   721   718   721   677   704   757   871   838   835   819   721   680   711   713
157 194    10891   724   710   720   821   776   772   809   730   794   720   716   720   676   706   762   869   838   836   820   715   682   711   706
161 194    14708   726   706   719   821   775   771   809   732   795   721   715   720   676   705   763   874   839   835   822   720   682   709   710
165 194    15960   723   707   719   821   776   773   809   731   795   723   716   720   674   707   761   871   835   833   821   712   682   712   709
169 194    17040   724   708   720   824   775   772   810   731   793   720   717   717   675   708   763   871   838   834   822   719   680   712   715
173 194    15939   724   704   719   820   775   771   809   729   796   722   718   720   674   706   762   869   835   832   823   716   682   712   712
177 194    16059   725   709   718   823   777   773   807   731   795   722   715   718   676   706   761   872   838   835   822   719   683   710   710
181 194    15033   726   708   717   821   774   771   809   733   795   719   716   721   674   706   763   873   838   837   820   712   681   711   708
185 194    11856   722   708   717   821   775   772   809   731   795   721   715   720   674   707   760   869   838   835   820   720   685   708   712
189 194    10398   723   708   720   822   777   770   811   731   795   720   715   719   673   707   760   872   838   835   821   720   681   709   708
193 194    12069   724   708   720   822   774   772   808   730   792   721   714   719   676   707   764   869   838   837   821   717   684   712   709
197 194     8078   720   709   720   823   776   773   810   729   796   719   716   716   674   706   764   870   835   836   821   719   682   711   712
201 194     9097   725   708   722   822   775   769   808   732   794   720   714   719   675   708   762   870   836   834   823   718   682   709   710
205 194     6635   722   706   716   823   777   774   809   730   796   721   716   718   675   705   761   870   836   833   820   720   682   709   714
209 194    11395   722   706   719   822   777   772   807   730   797   720   717   714   675   706   763   870   837   836   822   715   683   712   712
129 198     8655   724   711   716   823   778   772   808   732   796   719   717   720   674   702   763   871   838   836   820   714   682   711   705
133 198     8785   724   705   720   821   777   771   809   730   794   720   716   720   672   702   762   871   837   834   821   719   683   711   710
137 198     7451   721   705   717   823   774   772   809   729   795   721   716   719   675   705   763   870   836   835   820   716   682   713   711
141 198    12045   722   708   717   817   775   774   808   733   800   721   716   720   675   706   763   871   836   836   821   718   679   711   710
145 198    11017   728   709   720   822   775   770   811   731   792   721   714   720   675   706   761   871   838   835   822   717   683   708   710
149 198    10572   724   708   717   820   779   770   809   733   796   721   716   719   674   705   761   871   838   835   820   716   684   709   710
153 198    11712   722   707   720   824   778   766   809   732   800   720   717   719   671   707   763   871   835   834   821   720   685   711   715
157 198    13955   724   708   718   822   777   773   810   729   797   722   714   717   676   704   759   870   839   836   823   714   684   708   707
161 198    17452   727   708   720   826   774   773   807   733   794   721   716   718   676   708   763   873   838   835   822   720   681   711   716
165 198    19586   726   707   720   824   775   769   809   729   795   720   716   719   675   707   762   871   839   835   820   718   683   710   710
169 198    25578   725   705   721   822   777   772   812   730   794   723   713   721   675   707   761   871   838   833   823   717   682   708   712
173 198    25774   728   708   720   822   774   774   809   733   799   720   717   721   674   708   763   872   835   833   822   715   681   711   707
177 198    20990   725   709   720   823   778   774   806   730   795   722   714   716   676   705   763   872   838   836   823   716   683   709   713
181 198    18450   726   706   717   823   774   773   810   729   797   723   717   721   678   704   763   870   840   831   823   716   681   709   710
185 198    15741   723   708   720   822   774   774   812   730   795   722   717   721   677   707   761   869   834   835   822   720   682   710   706
189 198    11801   721   707   720   821   778   773   809   730   797   722   715   717   674   707   763   869   836   836   821   721   685   710   710
193 198    12444   727   710   720   822   776   772   810   731   795   720   715   718   675   710   762   871   837   835   823   717   681   710   709
197 198     8986   723   708   716   821   775   773   809   733   795   721   718   720   674   705   761   873   840   835   820   718   680   712   711
201 198     9274   725   708   717   824   777   776   808   728   797   722   719   720   676   702   761   869   838   834   818   714   681   713   710
205 198     7941   725   707   716   824   777   770   810   732   793   718   716   720   674   705   762   871   838   838   819   717   683   711   712
209 198     7764   724   709   720   823   775   771   811   732   797   723   717   719   674   706   763   871   836   833   823   718   681   710   713
129 202    15969   725   710   718   823   777   771   809   729   798   720   719   719   675   706   762   870   836   834   820   721   681   711   713
133 202    13489   724   710   717   823   776   772   809   729   797   721   719   717   677   706   761   869   838   832   816   715   685   711   707
137 202     8496   725   707   719   822   777   770   810   729   797   724   716   721   676   705   760   868   836   835   820   719   684   707   716
141 202     8487   722   705   718   824   774   772   810   731   794   724   717   720   675   705   763   871   838   833   823   718   680   712   706
145 202    10508   725   708   721   823   777   773   807   732   797   725   710   719   676   705   762   872   839   832   821   722   682   708   714
149 202    10291   725   708   719   823   778   767   811   731   797   722   714   721   674   707   762   871   838   834   820   715   684   708   710
153 202     7607   722   708   721   824   776   771   808   731   797   721   716   719   674   707   763   871   836   837   822   720   685   712   713
157 202     8993   723   711   718   821   776   773   810   732   795   720   715   719   676   703   761   875   838   836   822   718   681   710   709
161 202     9933   723   707   719   821   775   773   810   733   797   720   717   722   678   704   760   872   835   835   822   716   682   711   711
165 202     7923   725   709   721   825   774   772   808   728   795   721   715   717   674   707   760   869   839   834   821   720   684   710   717
169 202    10658   724   709   719   824   777   768   809   732   798   722   714   721   675   707   763   871   836   834   824   713   682   708   708
173 202    11443   727   709   719   822   780   772   810   730   792   723   716   720   674   704   760   871   839   833   821   721   685   713   714
177 202    10632   724   710   721   823   778   771   809   732   797   719   713   719   677   707   762   871   839   839   824   717   680   708   708
181 202     6953   720   709   720   824   775   774   806   727   793   723   718   716   676   706   762   869   839   835   821   719   683   713   717
185 202     8863   725   709   721   823   774   773   807   730   791   722   716   716   677   704   764   869   840   835   821   718   683   711   711
189 202     8028   724   707   720   822   776   774   806   731   793   723   715   719   677   705   765   872   838   834   823   720   684   709   715
193 202     8369   724   709   718   823   776   773   807   731   794   723   717   719   677   705   765   871   839   833   822   717   681   710   707
197 202     8046   721   707   719   824   775   775   807   729   796   723   716   717   675   706   762   871   837   833   823   717   682   710   720
201 202    10515   724   704   719   822   774   772   807   732   796   723   717   720   677   707   759   871   839   834   822   714   682   711   706
205 202    10298   724   710   720   823   777   770   811   733   796   720   716   719   675   707   763   873   838   834   823   721   681   708   714
209 202     8192   722   709   718   824   777   775   809   727   796   723   717   717   676   705   760   868   837   835   819   714   684   709   710
129 206    13533   725   708   721   821   777   774   808   730   797   719   715   718   676   706   762   870   838   834   824   720   685   711   712
133 206     9947   725   707   717   823   774   773   811   732   795   721   717   720   677   703   763   872   840   834   822   715   680   711   713
137 206    10331   725   709   717   824   776   772   809   732   797   720   718   720   674   705   761   871   837   833   820   718   684   711   714
141 206     9109   724   710   714   825   777   774   808   729   797   721   718   718   676   702   762   869   840   837   819   719   682   713   709
145 206     7525   719   707   720   824   777   772   808   730   797   722   713   714   673   708   763   869   837   835   823   722   683   709   715
149 206     8741   723   708   717   822   779   773   808   730   799   722   719   719   675   705   759   870   837   838   821   717   683   712   710
153 206    10601   725   707   719   822   777   770   811   733   796   724   715   719   673   706   761   873   836   835   824   720   684   709   710
157 206    11356   725   710   721   823   776   772   809   731   795   721   716   718   677   706   762   871   837   836   823   717   682   710   709
161 206     8855   724   709   720   820   777   773   811   731   798   722   717   721   672   708   762   872   834   836   823   719   682   711   710
165 206    12095   726   706   719   823   774   774   808   733   795   723   714   720   676   705   763   871   840   833   823   716   682   711   707
169 206     7104   722   709   720   824   776   772   809   729   794   719   717   717   672   707   763   871   837   839   823   721   683   711   715
173 206     7692   724   709   716   823   777   772   811   730   796   719   715   719   674   704   759   870   839   835   821   716   684   710   709
177 206     7298   723   708   718   824   774   770   811   731   798   722   717   719   674   704   763   872   838   834   822   721   681   712   715
181 206    12455   725   709   720   818   776   774   809   732   793   723   716   718   676   708   765   871   839   836   822   716   684   711   706
185 206     9005   723   706   720   822   775   774   812   733   796   719   717   719   676   707   762   871   837   832   823   720   679   711   713
189 206     8609   720   709   720   820   777   774   809   730   797   722   713   716   676   705   760   869   839   836   822   722   684   710   705
193 206     6078   723   709   720   816   777   774   807   729   797   722   715   718   675   706   762   870   839   836   821   718   684   713   709
197 206     6651   723   703   718   823   774   772   808   732   796   723   715   719   674   706   763   872   841   831   823   718   683   711   708
201 206    10615   724   710   718   824   778   770   811   732   797   721   716   719   674   706   762   872   835   832   821   718   682   710   713
205 206    12178   725   709   722   820   776   773   809   731   797   722   715   717   675   705   760   870   838   836   820   719   684   711   712
209 206    11477   720   708   720   822   775   774   812   731   796   722   717   719   674   708   760   872   836   837   821   715   682   711   711
129 210     9062   724   705   721   824   773   772   810   732   795   722   713   719   671   708   763   871   838   835   823   715   683   707   710
133 210     9526   724   709   720   822   778   773   812   732   796   718   715   721   674   707   761   870   838   839   822   721   683   711   714
137 210     9879   725   710   719   823   779   774   812   732   795   720   716   719   674   706   760   872   838   836   823   715   684   711   705
141 210     9189   725   705   717   824   778   771   808   730   797   720   717   719   673   707   761   870   837   834   822   720   682   711   712
145 210     9814   724   707   719   824   775   773   811   732   795   721   716   719   675   709   760   872   839   834   821   718   684   709   711
149 210     7618   722   705   720   820   777   770   809   731   797   722   715   720   676   707   763   870   838   833   824   718   679   711   707
153 210     8328   724   706   719   824   778   772   812   730   796   720   716   718   675   703   761   870   838   835   821   719   682   713   712
157 210     9489   723   709   720   823   777   774   813   730   795   720   717   716   675   705   760   870   838   835   823   716   682   711   709
161 210     8892   722   707   722   823   777   775   810   730   798   721   716   719   676   705   761   872   836   835   821   718   683   712   715
165 210     6648   718   709   719   824   775   772   810   732   796   723   717   718   676   706   764   872   838   836   823   717   684   710   707
169 210     9389   722   708   721   820   776   772   809   735   797   720   715   721   674   708   763   873   837   837   824   720   685   712   715
173 210    10187   725   709   718   823   777   772   808   730   794   722   716   718   675   705   764   871   839   838   822   716   684   713   706
177 210     8963   721   709   718   824   777   775   811   729   795   722   718   717   676   705   760   869   839   835   822   721   682   714   714
181 210     8496   722   708   719   821   776   770   809   732   797   722   714   720   674   708   763   871   838   835   821   718   682   710   714
185 210     8771   723   706   718   822   774   770   809   732   795   721   718   720   676   707   762   872   841   834   821   715   683   710   709
189 210    10567   726   708   718   825   777   769   810   730   798   723   718   722   678   707   763   871   837   834   821   719   682   708   717
193 210     8347   724   709   719   823   779   773   809   730   795   721   716   719   674   704   762   870   836   838   821   716   681   712   709
197 210     9866   725   710   718   824   777   772   810   732   795   720   717   719   674   706   762   872   835   835   822   718   683   712   714
201 210    10331   723   706   718   823   777   771   810   731   798   720   716   720   677   707   762   870   839   837   822   717   683   710   712
205 210    11247   725   707   715   822   778   771   808   731   796   723   715   719   676   703   762   870   838   835   824   718   682   711   708
209 210     7144   723   706   720   824   776   772   811   732   798   720   715   721   677   707   763   873   838   830   823   721   684   710   714
129 214     8611   725   709   718   822   778   773   811   729   796   723   714   719   676   709   759   871   839   837   822   720   684   712   712
133 214     9587   724   708   721   824   774   773   811   732   795   718   718   721   674   707   763   872   837   836   823   719   682   711   714
137 214    10398   725   709   717   822   778   772   810   730   796   722   715   719   677   707   760   871   839   836   821   715   684   709   705
141 214     8901   725   710   719   824   777   773   809   733   797   721   715   720   677   705   761   873   839   835   819   720   683   707   715
145 214    10729   725   709   723   822   778   775   807   730   798   722   713   718   677   705   763   870   839   836   819   717   684   710   707
149 214    10073   726   709   716   823   777   773   805   730   797   722   717   719   677   707   761   870   839   837   821   719   684   707   711
153 214     6774   723   703   720   824   773   770   811   732   797   721   718   718   676   705   763   871   836   832   823   721   682   712   712
157 214    11596   726   706   720   822   775   773   810   733   795   723   717   722   674   708   764   873   838   833   824   713   684   711   706
161 214    12003   725   707   720   824   775   773   811   732   796   721   715   721   676   705   762   872   838   835   823   719   684   708   714
165 214     7570   721   708   720   822   779   772   810   731   798   721   714   720   674   705   761   874   839   837   823   715   683   710   710
169 214    11792   722   710   718   822   776   772   811   731   795   722   716   722   674   706   762   873   838   835   819   717   682   710   708
173 214    10849   724   706   720   824   779   772   808   731   797   722   717   718   678   706   763   871   839   836   823   719   683   712   711
177 214    10930   723   707   721   824   776   774   811   730   796   721   718   720   676   709   762   871   838   836   823   714   682   711   710
181 214    12476   726   705   721   824   776   773   811   732   797   724   714   720   676   709   763   872   838   831   820   720   682   706   716
185 214     7185   723   707   721   823   774   774   811   729   792   723   716   716   676   707   760   870   840   836   823   718   683   712   709
189 214    11122   723   703   721   823   777   770   809   731   798   722   713   720   676   708   763   873   839   833   823   720   683   706   711
193 214     8844   723   709   721   821   772   774   812   729   795   723   717   717   676   708   760   869   838   836   822   716   683   712   713
197 214     9536   725   704   721   823   776   771   812   732   797   722   717   720   675   707   763   873   840   833   823   718   679   712   709
201 214     7125   720   709   721   822   773   775   811   733   793   723   718   718   677   709   764   873   839   836   823   722   680   712   714
205 214     8845   722   706   722   823   775   772   812   732   798   723   714   720   676   708   764   873   838   835   824   717   681   712   707
209 214    11317   722   708   721   822   777   774   809   729   797   724   718   721   673   708   761   871   836   834   822   718   681   712   716
129 218    11334   725   710   716   821   778   771   808   731   797   720   716   717   674   707   763   871   839   834   821   717   683   711   711
133 218     8455   721   709   720   823   774   774   811   730   797   721   718   718   676   708   763   871   838   837   824   717   683   712   713
137 218     6954   724   709   721   819   778   772   807   731   797   723   714   718   677   708   760   871   839   836   821   714   684   711   706
141 218     9191   724   708   717   824   777   771   811   733   798   718   716   720   676   705   763   871   837   834   823   720   684   709   714
145 218     9027   724   710   718   822   778   772   809   730   797   720   716   720   677   707   763   870   839   837   820   717   684   709   709
149 218    11032   721   709   720   822   776   774   810   728   796   722   715   718   677   708   763   868   837   836   822   718   684   712   716
153 218    10164   723   705   718   823   776   772   810   730   797   723   716   719   673   705   764   871   839   836   822   720   684   711   714
157 218     6611   724   706   718   824   777   774   810   731   797   721   716   720   674   706   762   870   836   835   821   716   683   711   710
161 218     9575   726   708   719   823   776   773   809   732   795   721   718   718   675   704   763   873   838   836   822   720   682   712   713
165 218     7071   721   709   721   823   778   775   811   729   798   722   715   718   676   705   760   870   837   836   822   714   684   710   710
169 218     7731   721   709   722   822   776   774   812   730   796   722   713   717   675   709   760   869   839   837   825   722   684   712   710
173 218    10999   724   708   720   824   780   772   811   732   797   720   716   720   673   704   764   873   837   834   824   717   680   712   712
177 218     7302   723   710   721   823   776   774   812   734   793   722   718   720   674   708   763   872   839   836   823   715   682   711   711
181 218     9667   721   709   720   821   776   773   808   732   798   723   716   717   676   707   764   871   837   836   822   720   682   712   712
185 218     8065   723   709   724   820   778   771   808   731   798   720   714   720   674   709   764   872   838   834   825   716   684   710   708
189 218    10766   723   707   718   824   777   773   809   732   798   722   716   719   675   707   762   871   836   836   824   717   682   712   713
193 218     7821   721   708   721   824   778   773   810   730   798   724   718   722   676   708   760   872   836   835   820   715   683   711   709
197 218    11085   725   708   721   823   778   769   810   731   799   722   713   720   676   708   763   872   837   835   820   719   684   708   707
201 218     7528   725   710   720   823   777   775   807   732   794   723   718   717   676   708   763   872   838   837   823   720   684   711   713
205 218    10435   722   709   720   822   778   774   807   731   796   722   717   722   677   707   761   871   839   836   823   716   684   712   706
209 218     9956   724   708   721   821   777   773   806   730   795   723   714   718   676   707   763   871   839   837   822   721   685   711   712
129 222    10057   723   710   719   822   778   772   808   731   797   722   718   717   676   708   762   871   839   835   821   719   684   708   712
133 222     9713   725   708   718   823   778   771   810   732   797   723   714   720   673   703   761   872   839   834   823   720   685   709   710
137 222     9385   724   708   718   825   775   772   811   732   797   722   717   720   675   703   764   872   840   835   824   716   683   712   710
141 222     8911   722   707   720   825   777   772   812   732   796   721   718   720   672   708   763   873   837   836   823   722   682   711   713
145 222     8461   724   709   720   823   778   772   810   732   798   722   716   718   677   706   762   873   839   835   821   717   683   711   709
149 222    10527   726   709   719   822   775   775   808   731   797   718   719   720   674   709   763   872   838   836   824   720   683   709   710
153 222     7990   724   708   719   825   777   772   812   732   796   722   716   720   675   705   763   872   836   836   823   716   683   708   710
157 222     9792   725   711   721   821   778   773   808   731   797   720   715   717   677   705   757   871   839   837   821   717   684   709   711
161 222     8181   724   710   717   823   778   773   807   729   798   724   712   720   678   708   761   870   840   835   820   720   684   709   712
165 222     6697   726   707   720   824   778   770   810   732   795   721   716   720   676   705   763   872   840   835   821   714   682   709   709
169 222    10459   723   709   721   824   776   774   810   728   795   722   716   717   677   708   762   869   837   835   822   720   683   711   713
173 222    10239   724   711   717   825   777   772   811   733   797   724   716   718   676   708   764   872   837   834   823   715   683   712   709
177 222     8388   725   709   719   822   778   775   808   732   798   723   719   718   677   706   763   872   840   836   822   720   684   709   712
181 222    11135   724   707   721   823   774   773   812   732   796   721   717   721   672   708   764   872   838   836   824   717   682   713   711
185 222     9343   725   708   720   825   775   773   812   733   797   719   718   720   676   707   764   873   838   833   823   719   682   711   713
189 222     8466   725   707   720   824   777   772   811   731   797   718   718   719   673   706   764   873   838   835   824   718   679   711   710
193 222     6232   722   709   720   822   776   772   811   732   798   723   717   719   673   708   765   872   838   834   824   719   683   712   708
197 222     6512   725   708   721   823   780   774   809   730   797   721   716   721   674   707   761   873   838   836   821   719   682   711   713
201 222     7241   724   708   720   823   778   771   810   731   796   721   715   718   676   706   760   872   839   837   822   716   685   710   710
205 222    12392   726   709   717   824   779   773   811   731   797   721   716   720   677   707   763   871   840   835   822   720   686   707   715
209 222     9148   725   709   719   822   779   773   808   732   798   722   716   720   677   708   762   872   840   836   818   715   684   707   709
129 226    11361   726   710   720   825   775   773   810   732   796   720   715   720   675   705   762   872   839   837   822   720   683   711   713
133 226     9708   725   708   718   823   779   775   809   727   796   722   715   718   677   706   760   867   839   836   824   715   685   710   707
137 226     6802   723   709   716   824   779   773   812   733   798   720   718   721   676   706   763   873   839   836   823   721   684   708   714
141 226     9695   721   710   721   820   778   774   811   729   796   722   717   717   675   709   760   868   837   838   823   718   683   712   713
145 226     9902   725   709   721   822   778   774   810   731   794   722   718   719   674   708   763   872   838   836   824   722   681   710   713
149 226    12725   725   707   721   822   777   773   810   731   796   720   716   718   677   707   762   872   839   835   823   717   683   710   711
153 226     7436   721   707   718   822   779   774   812   731   798   720   717   720   676   705   762   872   840   835   824   718   685   708   708
157 226    10331   725   708   716   825   778   768   811   731   798   723   715   720   676   704   762   873   840   834   821   719   684   708   711
161 226    11878   722   709   719   821   778   773   808   732   797   722   719   720   676   705   763   872   840   837   820   717   684   712   710
165 226    11707   727   708   720   826   777   774   811   731   793   722   717   715   675   707   762   871   841   837   822   719   686   711   713
169 226     8944   723   709   721   826   779   773   813   729   797   722   716   718   676   707   762   870   838   834   824   716   683   711   710
173 226     5245   723   708   720   820   779   775   810   731   796   722   717   719   674   708   761   872   838   837   823   721   682   712   712
177 226     8602   722   709   720   825   777   773   811   731   797   724   718   718   675   707   763   871   837   836   825   716   680   712   708
181 226     9083   725   707   721   825   775   774   813   733   799   720   717   720   674   708   763   871   835   836   824   720   681   712   714
185 226     7628   724   709   716   824   777   771   808   732   798   722   715   720   675   703   763   871   840   835   821   718   684   709   712
189 226     6189   721   707   722   821   775   775   810   731   797   722   715   720   674   708   764   870   839   837   823   717   681   712   708
193 226     9939   724   709   719   822   778   774   810   732   797   722   717   719   676   707   763   871   838   836   823   720   684   711   713
197 226     8940   725   709   721   825   778   769   809   731   798   723   713   720   677   705   761   870   839   837   824   716   684   709   709
201 226    10613   724   711   719   824   779   776   812   732   797   718   715   721   677   704   762   873   839   833   823   719   686   709   716
205 226     9818   723   709   721   820   778   774   812   732   796   723   716   719   677   708   762   870   838   838   823   715   684   712   709
209 226    11029   724   709   721   825   776   774   810   729   797   721   716   717   677   706   760   871   837   837   822   721   684   712   716
129 230     4725   719   710   721   822   775   774   809   731   794   723   718   719   675   708   761   872   837   837   824   717   683   712   711
133 230    10691   720   708   721   822   775   774   809   729   796   722   717   718   674   709   764   870   841   837   824   721   685   710   713
137 230    10435   722   708   719   821   777   772   810   733   796   723   716   720   674   709   761   872   840   835   821   719   683   710   711
141 230     6850   724   707   721   824   775   772   811   731   796   723   715   717   676   706   762   873   840   835   823   721   684   710   712
145 230     9369   723   709   721   822   776   776   809   731   798   723   717   718   677   709   760   871   839   837   822   714   683   711   710
149 230     6365   725   705   721   824   779   774   812   732   795   722   717   720   675   709   763   871   836   837   823   720   680   711   713
153 230     9492   725   707   718   824   777   773   811   732   798   717   716   722   676   708   763   874   838   834   823   714   681   712   710
157 230    11899   728   709   720   824   777   775   810   731   795   723   716   719   675   709   762   872   838   836   823   720   683   711   713
161 230     9302   724   706   721   826   778   774   810   732   798   723   717   720   676   708   763   873   837   834   823   715   683   711   711
165 230     8189   722   707   720   824   775   773   812   733   797   721   718   717   674   708   763   874   839   834   824   721   683   712   713
169 230     7554   724   709   722   825   775   775   812   728   795   722   718   717   676   709   761   871   838   837   826   715   684   712   709
173 230     9133   728   710   717   824   777   773   811   732   796   722   718   720   677   704   764   872   840   834   822   720   683   708   711
177 230     9997   725   710   719   822   777   774   812   732   796   722   716   721   675   706   764   873   838   836   823   717   684   710   709
181 230     9441   725   709   720   825   776   774   811   732   797   723   717   720   675   706   765   873   838   836   824   723   682   712   713
185 230    10878   720   710   722   819   777   775   808   732   797   723   716   720   677   709   765   872   841   837   823   716   684   711   707
189 230     8575   726   707   721   825   777   775   812   732   795   722   718   720   674   708   764   872   838   837   824   720   679   712   714
193 230     9016   725   709   719   824   778   772   812   732   797   720   718   723   676   706   764   874   839   833   824   714   685   711   709
197 230     9006   724   708   720   824   778   774   810   731   798   721   715   718   673   708   762   871   839   836   823   721   682   711   713
201 230     9117   725   708   722   822   776   774   810   729   797   723   718   717   676   708   761   868   838   836   823   717   683   712   712
205 230     9132   725   709   721   820   779   774   810   731   797   720   715   717   677   706   760   871   840   836   823   721   684   709   712
209 230     8124   724   710   720   819   779   774   808   731   798   723   718   718   676   710   762   871   839   836   825   716   684   713   707
129 234     7195   724   712   720   826   776   771   810   732   797   720   719   721   674   705   763   873   839   834   822   719   683   710   714
133 234     8356   723   706   721   823   779   770   812   732   797   721   717   720   673   707   764   872   837   834   825   716   686   711   710
137 234    11388   723   708   721   824   778   774   811   733   799   721   718   721   675   708   764   873   838   834   824   720   680   710   715
141 234     8937   723   710   720   824   777   774   810   732   793   723   716   719   676   709   764   873   840   837   822   717   684   714   707
145 234     9516   726   709   720   824   776   775   811   733   796   723   717   719   673   705   763   872   839   836   823   721   683   711   714
149 234     7426   724   709   719   825   778   775   812   732   797   722   715   719   676   706   762   872   840   837   822   717   682   707   710
153 234     5763   724   710   720   824   779   773   808   732   797   722   713   720   678   704   760   872   839   837   823   720   683   709   714
157 234    10471   722   710   720   822   777   775   811   731   796   723   717   715   676   710   762   870   838   837   821   714   685   712   711
161 234     7470   723   707   721   823   777   774   812   732   798   720   719   718   675   708   762   871   841   836   824   719   683   712   711
165 234     7966   722   708   720   824   777   775   812   732   798   721   718   718   678   708   762   871   839   835   824   718   683   711   712
169 234     8076   725   707   718   825   777   773   811   733   797   721   717   721   674   706   764   874   840   835   823   717   682   709   710
173 234    11357   723   705   721   825   777   774   812   732   799   722   718   721   674   708   764   872   841   835   824   721   679   712   715
177 234     9725   723   709   721   821   778   774   810   729   797   724   719   717   677   708   762   867   839   836   819   717   685   712   708
181 234    10519   725   707   720   824   778   775   809   732   797   719   716   720   676   709   760   873   840   832   822   718   680   710   711
185 234    11455   725   708   720   822   777   775   810   731   798   720   718   718   677   708   761   871   841   836   823   719   681   712   713
189 234    10193   726   710   721   822   778   775   808   730   797   723   716   719   677   706   761   873   839   838   821   715   684   709   710
193 234     8587   722   711   720   827   777   776   811   732   794   722   717   717   677   709   765   873   840   837   824   717   684   712   714
197 234    10903   725   709   721   821   774   774   812   733   795   722   719   718   675   709   763   873   837   837   823   715   683   712   708
201 234    10976   722   707   721   824   779   774   812   732   798   719   717   718   677   708   764   872   841   834   824   719   681   712   713
205 234    10414   722   707   721   822   778   775   812   733   798   721   718   718   675   709   765   872   840   835   824   717   683   711   712
209 234     8231   722   709   721   822   776   776   813   729   797   723   718   718   674   708   761   871   838   837   824   714   683   711   708
129 238     8548   721   710   719   824   774   776   811   732   797   721   715   721   675   707   763   874   837   838   823   721   684   711   714
133 238    11382   726   707   720   824   778   769   807   733   798   724   718   719   677   706   760   872   839   837   825   716   685   711   707
137 238     7398   720   709   721   827   776   774   812   732   795   723   718   718   676   709   764   874   837   837   825   720   685   712   716
141 238    10107   726   710   717   825   779   772   808   732   798   723   716   720   676   707   761   872   840   836   821   718   684   706   711
145 238     7849   724   709   722   821   774   775   813   732   797   723   719   716   671   708   764   871   838   838   824   718   684   712   711
149 238    10977   726   705   721   822   777   771   813   730   799   720   718   716   677   708   765   870   840   834   825   721   685   711   714
153 238     9211   723   707   720   825   775   772   812   732   795   722   719   719   675   708   765   872   835   835   826   716   683   712   709
157 238     9333   724   709   721   824   779   775   811   730   798   723   718   719   677   709   763   871   840   836   821   721   684   712   710
161 238     9005   725   708   717   825   779   773   811   732   798   723   716   720   677   707   763   872   840   838   821   718   684   705   712
165 238     6570   721   707   721   823   779   776   812   733   797   722   718   717   674   709   764   875   841   836   824   715   680   712   710
169 238     8896   723   709   717   826   778   772   812   733   798   723   718   720   676   704   764   872   839   837   822   719   682   708   716
173 238    11627   723   710   722   824   778   775   806   733   794   723   716   722   676   708   759   871   839   837   822   716   685   712   710
177 238     9894   725   710   719   824   778   773   812   732   798   720   717   721   677   705   764   873   841   835   823   719   686   709   711
181 238     8809   726   705   721   825   778   769   813   732   798   717   718   720   675   708   764   873   840   836   824   719   681   710   713
185 238     6705   724   706   718   825   780   774   810   732   797   723   717   721   677   705   764   873   841   836   822   716   684   709   709
189 238     8911   724   706   721   824   779   772   814   732   797   721   717   717   677   708   762   872   840   836   824   719   683   712   715
193 238     9766   725   709   721   822   777   775   810   732   798   722   718   717   676   708   761   871   840   838   824   716   682   712   709
197 238     8065   725   708   720   825   778   771   812   732   798   724   718   721   676   705   764   873   840   832   825   717   684   708   712
201 238     9375   726   705   722   825   776   774   812   733   798   720   718   720   673   709   764   873   839   835   825   721   680   711   714
205 238    10494   723   710   721   823   778   775   811   732   795   723   719   720   678   710   760   873   839   837   822   714   684   712   708
209 238    10101   723   710   721   825   778   769   811   732   795   723   718   720   675   708   765   873   839   839   823   719   684   709   715
129 242    10933   725   710   720   823   778   774   808   730   798   723   715   721   677   708   761   871   840   839   824   716   685   711   706
133 242     5927   723   707   721   823   778   775   812   731   799   723   717   718   672   708   765   872   841   837   824   718   681   712   714
137 242     9291   726   709   719   824   779   774   812   730   798   722   716   721   674   706   763   872   838   838   822   719   683   710   711
141 242     9104   725   710   719   825   778   773   810   732   796   722   715   720   678   707   764   872   840   835   821   718   680   708   712
145 242    10040   723   710   722   818   778   776   810   729   797   723   714   718   677   708   761   871   840   837   825   717   684   711   714
149 242     8001   726   708   720   825   779   773   812   732   797   719   717   721   677   702   764   873   840   833   825   716   684   710   709
153 242     7909   725   710   720   823   779   776   809   730   798   722   716   718   677   709   763   871   840   835   823   720   684   710   714
157 242     8413   725   708   721   824   775   774   811   731   797   720   717   720   675   708   761   871   839   838   822   715   681   711   708
161 242    12306   724   710   721   823   778   775   810   730   796   723   719   719   675   709   760   872   838   837   822   721   684   710   713
165 242    11063   724   710   721   823   778   776   810   727   798   723   716   718   677   709   761   869   840   837   824   713   685   712   707
169 242    12041   723   710   722   826   776   775   812   732   795   723   718   717   673   708   764   872   838   836   825   718   684   712   715
173 242     7572   725   708   720   825   775   773   812   732   798   723   716   720   675   705   764   874   840   837   823   719   685   710   710
177 242     9697   722   709   720   822   776   775   811   733   795   723   716   721   677   709   762   872   840   837   821   719   684   710   711
181 242    10278   723   710   719   825   777   774   812   732   798   722   718   721   674   707   763   872   838   835   823   721   681   709   716
185 242     9416   725   709   721   825   777   772   812   732   797   722   719   721   674   707   765   873   841   834   824   717   681   712   711
189 242     8267   725   704   721   825   776   775   812   733   796   718   718   721   672   708   764   873   837   837   824   718   680   712   712
193 242    10920   726   707   721   825   778   771   812   732   798   718   717   720   676   706   763   873   838   833   824   718   682   710   712
197 242     8702   718   710   721   823   778   775   813   732   797   722   711   721   677   709   762   874   840   838   821   716   685   712   711
201 242     8859   725   710   722   822   779   773   813   731   798   719   715   721   675   707   763   871   840   834   824   720   684   711   712
205 242     9914   722   709   720   824   779   775   807   732   798   723   718   719   678   709   762   874   840   836   820   715   684   712   710
209 242    10979   719   710   722   824   777   775   812   732   795   723   717   716   676   709   763   875   840   836   825   718   684   712   713
129 246     8197   724   710   721   825   777   775   810   732   797   723   719   720   677   709   759   873   838   837   822   720   681   713   712
133 246     7665   724   710   719   824   777   775   809   730   795   723   717   720   677   710   760   872   840   838   823   714   685   712   710
137 246     6933   725   710   722   823   779   775   807   731   798   723   716   720   677   709   760   873   840   838   817   720   684   712   712
141 246    10242   725   706   720   825   778   773   812   733   798   718   718   721   675   707   764   872   842   831   824   716   682   713   709
145 246     8995   725   711   722   823   775   776   811   730   797   723   718   718   677   709   762   870   836   837   824   721   683   712   714
149 246    11700   726   710   720   821   777   773   813   728   797   723   718   716   677   708   765   870   840   835   824   718   684   712   712
153 246     8965   724   709   721   823   778   775   809   731   798   722   719   717   676   708   761   871   839   838   822   718   682   712   710
157 246    10515   728   706   721   825   776   773   812   733   793   721   719   721   674   708   764   872   839   836   825   722   682   712   715
161 246     8921   726   701   721   825   779   775   813   733   797   722   717   721   676   707   764   874   840   830   825   717   679   712   709
165 246     8974   725   709   715   824   779   774   810   732   799   723   715   720   677   706   760   873   840   836   822   720   685   708   713
169 246     9783   725   710   722   823   779   774   810   732   797   721   716   720   675   706   760   873   839   835   821   718   685   712   712
173 246     8867   725   710   720   822   778   775   810   732   798   721   718   720   677   709   763   872   839   837   825   717   685   712   709
177 246     9948   725   710   722   825   775   771   812   733   796   721   718   721   675   708   764   873   838   836   824   720   685   712   716
181 246    12561   726   710   722   821   779   775   808   728   798   723   720   717   677   709   760   868   840   837   823   718   684   709   706
185 246     7590   725   705   722   824   779   774   813   733   798   719   718   720   673   707   764   873   839   834   824   720   680   711   712
189 246     8416   725   709   720   826   777   771   812   734   798   722   718   720   676   705   764   874   840   834   825   715   682   710   710
193 246     8261   722   710   718   822   779   774   812   730   797   725   718   719   678   708   764   872   839   836   824   716   684   710   713
197 246     9537   726   706   721   824   779   773   811   730   798   722   717   720   676   707   762   872   840   834   823   721   682   712   714
201 246    11615   726   712   718   825   779   772   812   732   798   720   717   721   676   708   763   873   840   835   823   717   684   709   710
205 246     5599   724   706   720   825   777   771   812   733   798   721   717   721   679   704   764   874   840   833   825   719   679   712   711
209 246     8636   724   710   722   822   775   775   814   731   795   723   718   718   676   709   762   873   837   837   823   720   685   713   716
129 250     6731   724   710   712   826   778   774   813   732   798   716   717   720   676   709   764   873   842   834   823   718   684   703   712
133 250     6630   725   711   718   825   779   775   812   732   798   724   717   721   677   697   764   874   840   839   823   718   682   705   713
137 250     6195   722   710   721   826   779   774   812   731   798   723   719   717   678   708   761   871   840   837   824   719   685   713   712
141 250     7101   724   710   720   825   779   774   813   733   798   719   720   721   678   709   762   873   840   836   815   716   684   713   709
145 250    10326   726   710   720   824   775   775   812   734   795   722   717   720   677   709   763   873   837   836   823   717   684   713   712
149 250     9523   723   710   722   824   778   775   807   731   794   723   715   720   677   709   764   872   839   837   821   718   684   713   714
153 250     6727   725   709   721   825   779   772   813   733   798   719   719   721   677   704   764   874   840   835   825   716   685   709   709
157 250     7221   719   709   721   821   778   775   814   732   793   723   719   722   677   709   762   873   838   837   826   720   684   712   717
161 250     6925   722   707   721   825   775   776   812   733   798   723   719   721   672   709   764   872   837   837   825   718   684   712   712
165 250     7223   725   710   720   824   771   775   808   732   797   723   717   720   678   709   755   872   833   836   825   717   683   713   709
169 250     7520   724   710   717   825   776   776   812   733   799   721   715   721   673   706   764   874   835   837   824   720   684   710   716
173 250     7929   725   710   723   824   779   776   812   731   799   724   713   716   678   704   760   871   840   836   824   716   685   713   708
177 250    10242   729   711   720   826   778   776   812   733   791   723   719   709   677   709   764   873   841   839   824   719   685   712   713
181 250     7879   725   710   722   824   779   776   805   732   798   723   716   720   677   708   763   872   841   837   819   718   685   714   711
185 250     8345   720   707   722   826   778   776   812   732   796   722   718   719   674   709   765   874   838   836   824   717   682   712   711
189 250    10826   726   709   721   825   776   776   811   732   795   723   717   721   676   709   762   873   836   836   822   722   683   713   714
193 250     7526   724   710   720   826   778   780   812   733   798   724   718   710   677   698   764   876   840   837   824   718   685   711   712
197 250     6382   725   710   720   825   779   776   811   732   798   722   717   721   678   703   759   872   841   837   825   719   684   709   710
201 250     9701   725   707   722   825   780   774   812   732   798   719   718   720   674   709   764   873   839   837   824   719   677   713   714
205 250     7391   724   710   722   825   779   775   811   731   799   723   715   721   678   710   759   873   841   837   820   718   684   710   706
209 250     8926   721   707   721   825   779   775   813   732   797   722   718   718   674   708   764   874   841   837   824   718   678   713   714
