! Map center:  169,210
129 170    12893   729   711   725   827   781   780   816   731   799   724   718   721   678   710   764   875   844   842   828   718   685   711   713
133 170    10750   729   713   722   826   781   779   816   734   800   723   721   721   678   710   766   875   842   840   828   715   683   715   711
137 170     7140   725   711   723   827   779   778   816   733   800   724   721   720   678   710   765   875   844   839   828   717   684   712   714
141 170     6369   726   709   722   829   782   778   816   734   799   722   720   719   678   710   765   876   842   840   828   719   683   712   717
145 170    11606   727   712   723   826   779   778   817   733   800   723   720   720   679   709   765   875   845   838   828   721   685   713   717
149 170    11984   726   712   722   828   781   778   816   733   800   722   720   720   678   709   765   876   843   840   828   720   684   713   715
153 170    10157   728   711   723   827   782   779   815   734   798   723   721   720   679   710   766   876   844   838   828   716   686   713   713
157 170    10848   727   711   723   828   781   779   816   734   800   723   719   721   679   710   766   875   846   839   829   716   685   711   709
161 170     7439   727   710   723   828   781   778   816   733   800   723   722   719   680   711   765   875   845   840   826   716   683   715   712
165 170    10220   728   711   723   827   780   777   817   733   800   723   720   721   679   711   764   877   844   840   827   719   684   713   714
169 170    11782   728   712   723   828   782   779   816   734   800   724   721   720   678   710   767   875   843   840   827   720   685   712   716
173 170    10356   728   711   724   827   784   778   816   733   800   723   720   719   676   710   765   874   843   839   828   717   684   712   715
177 170     7859   726   711   723   829   782   778   816   733   799   724   722   720   678   711   765   876   844   839   825   717   685   714   712
181 170     9848   728   711   723   827   780   780   816   733   799   722   720   721   678   710   764   874   844   840   828   716   684   713   712
185 170    10363   729   711   723   829   780   779   815   734   800   722   720   721   678   711   765   876   845   840   828   720   684   713   715
189 170    10893   727   712   723   827   782   778   817   734   800   722   720   719   680   711   764   877   844   840   829   719   683   713   716
193 170     9845   728   711   720   828   781   778   817   732   800   724   720   723   679   708   766   876   844   839   827   716   684   712   712
197 170     9892   727   711   723   826   782   780   817   733   798   724   719   721   678   710   763   875   844   840   827   718   684   713   713
201 170     7633   727   711   724   826   781   779   817   733   800   723   720   721   679   709   764   876   843   841   828   718   685   713   712
205 170     8659   728   711   723   827   781   778   816   734   799   722   721   721   679   710   765   876   843   840   826   717   684   713   712
209 170     9343   727   712   723   828   781   778   816   734   799   723   718   720   678   708   765   875   844   840   828   718   685   713   714
129 174    10525   728   711   724   826   781   779   817   734   800   724   720   720   680   711   765   876   844   839   828   720   685   713   716
133 174     6759   727   712   721   827   782   778   817   734   801   723   721   721   678   708   766   876   844   841   829   719   685   713   715
137 174     5577   727   711   723   828   779   779   815   732   800   720   720   720   679   711   765   874   844   840   828   719   682   713   714
141 174     7856   728   712   724   827   782   778   817   734   798   724   717   720   678   710   765   876   845   840   830   717   685   711   711
145 174    10422   730   712   722   827   781   779   817   732   798   724   719   720   678   708   765   875   845   840   829   718   685   712   714
149 174     7413   726   711   723   826   781   780   817   734   798   724   720   717   679   710   765   876   840   840   828   720   685   713   718
153 174    10549   728   708   723   827   782   779   816   734   800   724   721   721   677   711   765   876   843   839   828   720   684   713   715
157 174     9937   725   712   723   827   781   779   814   734   800   724   720   718   679   711   765   876   844   840   829   718   685   712   711
161 174    10322   728   711   724   827   782   779   816   734   798   724   720   719   678   710   764   876   843   840   827   716   685   713   710
165 174    11117   728   712   724   827   782   779   816   732   801   723   719   721   679   711   765   876   844   841   827   719   685   710   714
169 174     7738   728   709   724   828   780   779   816   734   800   724   720   721   676   711   765   875   845   840   828   720   684   712   716
173 174    11567   728   710   723   828   780   778   815   733   799   722   720   721   677   711   765   875   845   840   829   718   684   712   715
177 174    12451   728   711   725   827   781   778   816   733   798   724   719   721   679   712   765   877   844   840   828   717   685   711   711
181 174    13743   728   711   723   827   782   779   820   734   802   724   720   719   679   712   764   876   842   840   828   714   684   713   713
185 174    10229   727   711   723   827   780   776   815   734   798   724   721   721   678   710   764   877   843   840   828   718   685   712   713
189 174    10726   727   711   723   828   782   780   816   734   800   723   720   720   678   711   764   875   843   839   828   720   685   713   716
193 174    10226   727   711   722   828   783   777   817   732   799   723   721   721   678   710   765   876   845   840   826   719   685   712   715
197 174     9805   728   710   723   828   780   779   816   733   800   723   720   721   677   711   766   876   844   840   829   717   683   713   712
201 174    10576   728   709   723   827   781   779   818   733   800   724   720   723   679   711   763   876   844   838   828   716   683   713   711
205 174    10558   728   708   724   827   781   779   817   733   800   722   721   721   679   711   765   877   844   839   827   719   683   713   714
209 174    10452   726   710   723   827   781   779   815   733   800   724   721   720   679   711   765   876   843   838   828   719   684   713   716
129 178     9309   728   710   723   828   783   779   816   734   800   722   720   721   677   711   764   875   845   841   828   719   684   713   715
133 178     8309   727   712   723   827   782   777   817   736   800   723   720   721   679   710   765   878   846   840   828   716   685   714   710
137 178    10469   728   711   724   826   781   780   815   733   801   723   721   721   679   711   764   876   842   840   828   717   684   713   712
141 178    10134   728   711   723   826   782   780   815   734   800   724   721   721   677   710   765   876   843   842   829   718   684   714   712
145 178     8858   729   712   723   828   782   779   816   733   797   724   722   722   679   710   765   876   842   841   827   720   685   714   716
149 178    10239   728   711   724   826   780   779   817   734   800   724   721   721   678   711   763   877   843   840   828   720   686   713   716
153 178    10466   727   710   722   828   781   779   816   734   799   723   720   721   679   710   766   877   845   840   827   719   685   713   714
157 178    11171   729   711   723   830   781   779   816   733   800   721   721   718   678   712   766   875   845   839   827   716   683   713   713
161 178    10192   728   710   723   828   780   779   815   733   800   723   719   721   679   711   766   874   845   840   828   716   683   714   712
165 178    10173   727   711   723   828   782   779   816   735   798   723   721   719   679   708   766   876   844   840   828   719   685   712   715
169 178     7835   728   712   724   827   780   779   816   732   800   723   721   721   678   712   766   874   845   839   828   722   685   713   718
173 178     8010   727   710   722   827   781   779   815   733   798   723   719   721   678   711   765   876   845   839   828   719   684   711   716
177 178     7551   726   711   723   828   781   778   816   733   800   722   721   720   678   710   765   877   845   840   830   719   683   712   714
181 178    11699   729   711   723   828   782   779   816   733   798   724   721   719   679   710   765   874   842   839   827   717   685   712   710
185 178     9301   727   711   724   828   781   779   815   733   799   723   720   722   679   711   765   877   845   839   827   715   684   713   712
189 178     9330   728   709   721   828   780   778   816   733   800   724   718   721   678   709   764   875   844   840   827   717   684   713   714
193 178     9684   727   711   723   825   781   779   817   733   800   724   721   720   678   710   766   876   845   839   827   720   684   712   715
197 178     8985   727   710   722   827   782   778   815   734   800   723   720   721   676   710   765   875   845   839   828   720   685   712   717
201 178     9544   727   711   723   827   781   779   816   732   798   725   719   721   678   710   764   874   843   841   828   717   684   712   711
205 178     8644   727   711   723   828   781   778   817   735   800   724   720   719   678   709   765   876   844   839   828   718   684   712   715
209 178    10370   728   711   722   828   781   779   816   734   799   723   719   720   677   710   765   877   844   841   828   721   685   711   715
129 182    11723   728   710   723   827   782   777   816   734   799   723   719   719   678   710   765   876   846   841   827   720   683   713   716
133 182     7104   727   710   722   828   783   778   815   734   799   724   720   720   677   710   765   876   844   840   829   716   684   713   712
137 182     7799   728   712   722   827   781   779   817   734   799   722   719   719   679   712   765   875   845   839   827   716   683   712   714
141 182     9604   729   710   721   827   780   778   817   734   798   724   719   720   677   710   766   875   843   839   829   718   686   713   714
145 182    10124   727   711   722   827   781   778   817   733   800   722   720   721   679   710   766   875   844   840   827   719   684   711   715
149 182     9276   728   712   723   828   781   778   816   732   798   722   720   721   680   710   765   876   843   840   829   718   683   712   715
153 182    12612   729   712   723   828   781   779   816   735   800   724   722   721   678   712   765   876   844   839   828   717   685   713   712
157 182     9658   727   712   723   827   782   779   817   733   801   723   719   721   677   711   766   875   845   840   828   716   684   712   711
161 182    11391   728   711   723   826   782   779   817   734   801   724   720   721   679   711   765   876   843   840   827   720   685   713   717
165 182    12825   728   711   723   829   780   779   814   734   800   722   721   720   679   711   766   876   845   838   827   718   685   712   715
169 182    11296   728   711   723   827   780   779   816   733   798   723   719   720   678   709   766   875   844   840   829   718   684   710   715
173 182    14279   729   711   723   826   780   779   816   732   799   723   720   720   678   712   766   874   844   840   828   716   686   712   711
177 182    11296   728   711   724   826   781   779   815   734   800   724   720   722   678   710   763   876   843   840   828   717   686   713   710
181 182    12411   729   709   723   825   781   779   818   734   799   724   721   720   676   710   765   876   843   839   829   717   685   713   711
185 182    10981   728   711   723   827   781   779   815   734   800   720   721   719   679   711   765   875   844   840   828   717   683   712   713
189 182     9844   728   710   723   828   782   778   817   733   802   723   719   720   677   710   765   876   843   840   827   721   684   714   716
193 182     9365   728   711   722   828   781   778   816   734   800   724   720   721   678   711   765   876   843   839   830   719   682   713   716
197 182     8250   727   710   722   827   781   778   817   731   800   724   719   720   679   711   765   875   845   840   826   717   684   714   712
201 182     9857   728   711   724   828   780   779   817   733   798   724   720   722   678   710   766   876   844   840   827   715   684   711   713
205 182     9448   729   712   723   828   782   779   816   734   797   723   719   721   679   710   767   876   845   840   828   717   684   710   712
209 182    12087   727   712   723   827   781   779   816   734   799   722   720   721   678   711   765   875   844   840   828   719   685   712   717
129 186     7510   727   711   723   827   782   781   816   733   800   723   719   721   677   707   766   872   845   841   828   718   684   712   714
133 186    12822   729   711   722   828   782   778   816   732   799   724   717   720   678   711   765   873   844   840   828   720   685   711   717
137 186     8267   727   711   721   827   779   778   816   732   800   724   719   721   679   710   766   874   845   839   827   719   684   712   715
141 186     8809   729   711   722   828   781   778   815   735   799   723   720   720   678   711   766   876   844   839   828   716   685   712   713
145 186     9797   729   710   722   828   779   779   816   732   799   724   721   721   677   709   766   875   844   839   827   715   684   713   710
149 186    11837   729   711   723   827   782   779   817   734   800   723   720   721   679   709   765   876   844   840   827   718   685   714   714
153 186     9703   728   710   721   827   778   781   816   734   800   724   719   721   679   708   766   875   845   839   828   720   685   714   718
157 186     9737   725   712   722   828   781   779   816   732   801   724   720   718   678   711   767   874   843   840   827   720   684   712   713
161 186     9338   727   711   723   827   780   778   816   732   800   724   719   721   677   710   765   875   844   841   827   716   685   713   711
165 186    11264   728   712   722   827   782   780   816   734   800   723   720   721   679   710   765   875   844   840   829   717   685   712   714
169 186    12971   728   712   723   827   781   779   818   732   800   722   719   720   679   710   764   876   844   840   829   719   683   714   715
173 186    11852   728   708   724   826   782   779   815   734   799   723   720   721   678   710   764   876   843   840   828   720   684   713   716
177 186     6884   728   708   724   828   781   779   816   733   800   723   720   721   675   710   767   875   845   841   827   720   684   713   716
181 186     8812   727   712   723   827   779   780   816   733   800   723   718   721   679   712   766   874   845   840   827   719   686   710   716
185 186    12006   728   710   724   827   783   780   817   734   800   723   719   721   677   711   765   876   844   837   828   716   684   712   712
189 186     8733   728   710   723   828   780   779   815   733   801   722   720   721   678   711   766   876   845   838   829   717   685   712   711
193 186     6452   727   712   724   828   780   779   817   734   799   724   718   721   678   712   765   875   844   840   827   717   685   710   714
197 186     8033   728   711   722   828   781   778   816   734   802   724   719   720   677   709   766   876   845   840   828   720   684   712   717
201 186    11319   728   711   724   825   780   779   818   734   800   725   721   721   679   711   764   876   843   839   828   720   684   713   717
205 186    10763   728   710   725   828   782   778   816   731   801   722   719   720   680   711   766   874   843   839   828   718   682   712   714
209 186     9354   727   710   724   827   781   779   815   734   798   724   720   719   679   710   764   876   844   840   828   716   684   713   712
129 190     8577   728   710   723   827   781   778   816   733   799   724   720   721   679   710   765   874   844   840   827   717   683   712   713
133 190     8001   728   712   722   827   781   779   816   734   800   724   719   719   678   711   767   876   842   840   828   716   685   714   711
137 190     9741   727   711   723   826   781   779   817   733   800   723   720   721   677   710   766   875   844   840   828   720   685   712   714
141 190    11206   728   711   724   827   782   778   816   734   800   723   721   721   677   711   764   875   843   840   825   720   684   713   716
145 190    11304   729   710   723   827   783   781   816   734   801   724   720   721   678   710   765   876   843   840   828   717   684   713   713
149 190     8067   728   710   723   828   782   778   814   734   799   723   718   719   679   711   765   875   844   840   829   718   685   711   715
153 190     9463   729   711   723   825   781   778   817   733   799   721   719   721   677   710   764   875   845   840   827   714   685   712   710
157 190    10541   728   711   723   825   782   778   815   734   799   723   720   721   678   711   766   875   843   841   828   716   683   714   714
161 190     9385   728   709   724   826   784   780   816   734   800   725   720   720   677   711   765   876   845   839   827   721   685   714   716
165 190     9637   730   712   723   826   781   777   815   734   797   723   720   721   679   710   764   876   844   839   826   720   685   713   717
169 190     8841   727   711   723   827   781   778   816   734   799   724   721   721   678   711   765   877   843   840   827   717   687   714   713
173 190     8518   727   712   724   828   781   777   816   733   801   722   720   719   678   711   766   875   843   839   828   716   685   712   709
177 190    11643   728   710   723   828   782   781   816   733   799   725   719   721   678   710   765   877   845   840   829   716   685   711   713
181 190    11047   729   712   725   828   780   779   816   734   798   723   720   721   678   712   766   876   845   839   829   718   685   712   715
185 190     8060   729   711   723   827   781   779   816   734   799   724   719   720   678   710   765   876   844   840   828   720   684   711   717
189 190     8326   728   712   725   828   780   780   817   731   800   723   719   721   678   711   766   874   842   839   828   721   685   711   716
193 190     7828   728   711   723   826   781   778   815   733   800   724   721   721   679   711   763   875   843   842   828   716   684   712   711
197 190     9795   728   711   723   827   781   778   815   734   798   724   720   721   679   711   765   876   844   839   827   716   685   713   712
201 190     7723   725   711   722   828   780   779   817   734   801   725   720   720   678   711   766   876   844   839   828   717   685   712   713
205 190    12810   730   712   721   827   781   781   816   734   799   721   720   721   679   709   766   874   847   841   828   720   684   713   716
209 190     9690   727   711   722   829   782   779   816   733   799   723   719   718   680   711   764   875   844   840   829   720   684   711   716
129 194     8355   727   712   723   825   781   779   818   734   798   723   721   721   678   710   763   876   845   840   827   720   684   713   716
133 194    12633   728   711   723   827   780   778   816   733   800   722   720   720   680   711   764   876   844   839   828   720   685   713   716
137 194    10184   726   711   723   828   782   778   817   733   799   723   721   721   678   711   765   875   844   840   827   718   685   713   715
141 194    10230   729   709   723   829   780   779   816   734   800   723   719   720   678   712   766   876   844   840   827   718   683   713   711
145 194    10284   728   711   722   828   780   778   816   732   800   723   722   720   679   710   766   873   845   841   830   715   685   713   711
149 194     7894   727   708   724   828   782   779   815   735   800   723   721   719   678   711   765   876   845   840   829   715   684   713   711
153 194     7736   726   711   723   827   782   779   816   734   798   722   721   721   679   711   766   875   843   840   828   720   685   714   712
157 194    10145   728   711   720   828   779   781   817   733   800   723   721   721   678   709   765   876   844   841   828   720   684   713   716
161 194     8945   727   711   723   826   782   780   814   733   799   723   720   719   679   709   764   876   842   841   828   720   685   713   717
165 194    13938   729   711   724   825   782   778   815   733   801   723   719   720   679   710   763   876   842   839   827   721   684   713   713
169 194     9601   728   710   723   828   781   779   816   733   800   721   719   721   678   710   765   876   844   840   829   716   682   712   713
173 194    11001   728   712   722   828   782   781   816   731   801   724   721   720   679   708   765   875   845   840   827   715   684   713   712
177 194    10999   729   712   723   828   782   778   817   732   800   724   722   720   679   709   765   875   847   840   827   716   685   713   712
181 194    10016   727   710   723   828   780   779   814   734   799   723   721   721   679   711   765   876   845   839   828   719   685   713   715
185 194    10217   728   711   723   828   780   779   817   734   800   725   723   720   679   710   765   876   844   837   826   720   686   711   716
189 194     9856   728   711   724   828   779   779   817   731   800   723   720   720   678   711   765   875   844   838   827   718   683   713   714
193 194     4552   727   711   722   828   781   780   817   733   800   723   719   721   681   712   766   875   844   840   827   716   683   709   711
197 194     9049   727   711   724   829   782   779   815   734   800   722   721   719   679   711   766   876   845   839   829   716   684   713   714
201 194    13259   729   712   724   827   781   777   816   734   798   724   720   721   678   711   763   876   841   840   828   716   685   714   714
205 194    10796   728   711   725   828   781   778   816   735   800   724   719   720   679   711   766   877   844   840   827   719   685   710   716
209 194     7236   728   712   724   827   780   778   816   732   800   724   719   721   678   711   765   874   844   838   827   720   684   712   716
129 198    10406   728   712   722   828   781   777   817   733   800   724   721   720   679   710   766   876   844   841   828   718   685   711   715
133 198    13258   729   712   725   828   781   778   816   734   800   723   721   720   678   711   765   876   844   838   827   719   683   713   715
137 198     9516   728   712   724   825   782   779   816   733   801   723   720   720   680   711   767   876   842   841   828   720   684   713   715
141 198     8491   728   711   724   828   781   777   816   734   800   723   722   721   679   712   766   876   843   840   827   716   684   714   711
145 198    12887   728   711   723   827   781   777   816   734   800   723   722   721   679   710   764   876   842   840   827   715   686   713   712
149 198    11323   727   711   723   825   781   779   816   734   800   721   720   721   679   711   764   876   845   840   829   717   684   713   712
153 198     8572   728   712   722   828   781   779   816   735   799   723   719   720   680   709   766   876   844   841   828   719   682   712   714
157 198     9540   728   713   723   825   782   778   817   733   798   724   720   720   680   708   766   876   844   841   828   722   685   713   716
161 198    11054   727   712   724   827   781   779   815   734   800   724   721   720   678   711   765   875   843   839   828   718   685   713   713
165 198     8054   728   711   723   827   782   779   813   734   798   724   721   720   678   710   765   876   845   840   828   717   684   713   712
169 198     8724   728   711   723   824   781   779   816   734   800   724   720   721   678   711   764   876   843   838   828   718   684   713   710
173 198     7714   725   711   723   830   782   778   816   734   800   722   719   721   678   709   765   876   843   839   828   718   684   713   716
177 198     8450   727   711   724   828   779   779   816   733   800   723   720   721   678   710   765   876   844   840   829   721   685   712   718
181 198    12687   728   711   724   827   782   779   814   734   798   723   719   720   680   710   765   876   845   842   829   720   684   713   714
185 198    10759   729   712   722   828   780   778   816   733   800   723   720   720   679   710   765   876   844   840   828   717   686   711   712
189 198    11844   728   712   723   827   782   777   816   734   800   724   719   720   679   711   765   877   843   839   828   716   684   713   711
193 198    11022   729   711   722   829   782   779   816   734   799   722   721   718   679   709   766   876   844   839   827   716   681   713   712
197 198    12257   729   711   723   826   780   779   817   733   801   723   720   720   679   711   763   875   843   841   828   720   685   713   716
201 198     6501   727   711   724   828   782   779   817   732   800   723   720   720   679   710   765   874   846   840   828   721   683   712   715
205 198     8131   728   711   722   827   781   780   816   734   801   724   720   720   679   709   765   875   843   841   829   717   683   713   715
209 198     8174   728   711   721   826   782   779   816   733   799   723   719   721   679   710   765   875   844   840   828   717   685   711   711
129 202     6860   726   710   723   826   781   779   816   732   800   724   719   720   678   712   766   874   845   840   828   716   683   712   710
133 202     8120   727   711   724   826   781   779   816   733   799   723   719   720   678   709   767   875   843   840   828   716   685   713   711
137 202    15246   730   712   723   828   779   779   814   736   800   725   718   719   679   712   766   875   844   838   828   717   684   712   713
141 202     6630   728   711   723   828   782   780   816   732   798   721   719   720   678   709   766   877   844   840   828   718   682   713   716
145 202    10639   728   711   724   827   780   779   817   733   800   723   718   722   678   712   764   878   844   839   828   719   684   711   717
149 202     8400   728   712   723   827   783   779   815   733   800   724   720   722   677   711   765   876   844   842   828   720   684   712   716
153 202    10196   727   709   723   829   782   779   816   735   800   724   720   721   676   709   765   876   846   840   829   716   685   712   712
157 202    11760   729   711   723   827   781   778   816   733   799   725   719   721   679   710   764   877   844   841   829   716   684   713   712
161 202    13401   729   710   721   827   782   781   817   730   800   723   720   721   678   709   765   873   845   840   828   718   684   713   715
165 202     8438   728   711   723   829   782   778   817   733   799   723   719   721   678   711   765   877   844   840   829   718   684   713   716
169 202    10247   726   712   723   827   781   779   816   734   800   723   720   719   678   710   765   875   844   839   830   720   683   712   715
173 202    11730   727   712   724   826   780   779   817   733   801   725   720   721   679   711   764   876   845   837   828   719   685   712   717
177 202     8419   728   712   723   827   782   779   816   733   800   721   718   721   679   710   764   876   844   840   828   719   683   713   714
181 202     8684   729   712   724   827   781   778   816   734   799   724   721   722   678   710   766   875   844   840   828   716   684   712   712
185 202     9930   728   712   723   827   781   778   816   734   800   724   721   720   679   711   765   877   844   839   828   716   684   713   712
189 202     8877   727   711   723   828   781   780   817   734   800   722   719   719   676   710   765   875   845   840   827   718   686   714   714
193 202     8984   727   710   724   828   781   780   816   735   798   723   719   721   681   709   766   877   845   841   828   718   684   710   716
197 202     9829   727   710   723   827   781   779   816   733   801   723   722   720   678   711   765   875   844   839   827   720   685   713   716
201 202    11329   728   710   723   827   781   779   816   734   800   724   719   721   677   711   766   876   844   840   828   721   684   712   717
205 202     7010   727   711   724   828   782   778   816   734   801   724   719   720   679   710   766   876   842   841   829   719   685   712   713
209 202    12758   728   712   723   828   781   779   816   732   799   725   721   721   679   710   766   876   844   839   828   717   684   710   711
129 206    10755   727   711   724   828   781   779   816   733   800   723   718   720   678   711   766   875   844   840   827   719   685   710   715
133 206     5347   725   711   721   827   781   779   816   733   801   724   720   719   679   708   765   876   843   840   828   717   685   714   714
137 206     7477   728   711   724   827   781   779   818   734   799   723   720   720   678   710   765   876   844   840   828   717   683   715   712
141 206     8722   728   711   723   828   780   778   817   734   800   723   718   721   679   711   766   877   844   839   827   716   683   711   711
145 206     8834   728   708   721   828   782   781   816   733   801   723   721   721   675   710   766   873   845   840   828   716   683   713   711
149 206     5608   726   712   723   826   781   779   816   734   801   724   720   722   679   710   764   876   842   840   828   718   685   713   712
153 206     7263   725   711   723   829   781   779   817   734   800   723   721   719   679   710   765   876   844   840   830   719   684   712   717
157 206    10249   728   712   721   828   780   776   817   732   800   724   721   721   678   708   765   875   845   840   827   721   684   713   716
161 206     8458   727   711   724   825   782   780   814   734   798   723   721   720   677   710   765   876   844   839   828   721   686   713   718
165 206    11813   728   711   724   827   782   777   815   733   799   724   719   721   679   711   764   875   845   840   828   720   684   711   714
169 206    11979   727   712   722   828   781   779   817   734   799   724   720   721   679   711   764   877   843   840   829   718   684   710   714
173 206     7126   724   711   724   829   781   780   815   734   799   723   720   719   678   710   765   876   844   841   828   717   684   713   711
177 206     7808   727   713   724   827   781   779   816   734   799   722   721   720   679   712   765   876   845   840   828   715   683   712   711
181 206     8319   727   712   723   827   781   779   816   734   801   723   721   720   679   711   763   875   840   840   828   716   684   713   710
185 206    11193   729   711   724   825   783   778   815   734   801   723   721   720   678   711   762   876   843   841   828   716   686   713   710
189 206    11104   729   711   723   828   781   779   817   734   800   722   718   721   677   711   765   877   844   841   827   718   684   713   713
193 206    10109   728   710   724   826   783   779   816   735   800   721   720   719   678   711   765   877   845   841   828   719   683   713   715
197 206     7835   726   712   723   827   781   779   816   734   801   724   721   718   679   709   764   876   843   840   829   722   685   713   717
201 206    10897   729   709   723   827   782   779   817   733   800   724   720   720   676   710   765   876   845   842   828   718   685   713   714
205 206    11404   728   710   723   825   781   779   816   734   799   723   721   719   678   711   764   876   843   841   829   718   684   713   711
209 206     8160   728   712   723   828   781   777   816   733   799   724   720   721   679   711   766   876   843   841   828   717   685   712   710
129 210    10428   726   711   722   829   781   780   818   733   799   724   720   721   678   710   766   876   845   841   828   717   685   712   712
133 210    12183   729   709   723   828   780   780   819   735   800   725   721   720   678   711   764   876   845   839   829   716   685   713   711
137 210     8540   726   711   722   828   782   778   816   733   800   724   720   718   679   711   765   875   843   840   830   717   684   712   711
141 210    10217   728   709   723   826   782   780   816   733   800   723   720   721   676   710   763   875   845   842   829   718   683   713   715
145 210    10274   728   712   724   825   782   780   816   734   800   722   720   718   679   711   766   876   842   839   828   719   684   713   715
149 210     7088   727   711   722   828   781   779   817   733   800   721   721   721   679   711   765   875   844   839   828   720   683   712   715
153 210     9989   728   711   723   827   782   778   815   734   800   724   720   719   678   710   765   876   843   840   826   721   685   715   718
157 210     9821   726   712   723   826   781   778   816   734   800   723   720   719   679   709   766   876   845   840   828   721   685   713   716
161 210     8159   727   710   723   828   779   779   815   732   800   723   720   721   677   711   765   875   844   839   828   719   684   713   717
165 210     9118   727   711   724   826   782   777   816   734   799   724   720   721   679   711   765   876   843   840   827   717   684   713   713
169 210     9487   728   709   724   828   781   779   815   734   800   722   721   721   676   709   765   874   844   841   828   715   683   714   711
173 210     8838   728   711   722   828   782   780   817   734   800   723   721   721   679   710   766   875   844   839   827   716   684   713   712
177 210     9471   728   712   723   828   779   779   817   733   800   725   721   721   679   711   765   876   844   838   828   718   683   713   714
181 210     9067   728   711   722   828   781   777   817   734   800   724   719   720   677   710   765   876   844   841   827   721   684   712   716
185 210     7831   727   713   723   827   781   779   816   735   800   722   720   718   678   711   766   876   844   840   828   718   684   712   714
189 210     9983   726   712   722   828   782   779   816   734   800   724   721   719   679   708   765   876   844   840   828   720   685   714   717
193 210     9432   727   711   723   828   782   779   816   734   800   723   719   721   679   712   764   876   846   840   828   719   685   709   716
197 210    10152   728   710   723   828   780   778   817   734   800   724   720   721   678   711   765   876   845   837   828   719   685   713   714
201 210    11197   728   711   723   827   781   778   817   734   801   724   720   721   679   710   766   876   843   840   827   717   684   711   712
205 210     7266   727   711   724   827   781   778   817   733   801   723   720   721   677   711   766   874   844   840   826   715   684   714   712
209 210     8086   727   712   723   827   782   779   816   734   799   724   721   721   679   711   765   877   843   840   828   716   684   712   713
129 214    11866   729   712   724   826   780   779   816   733   802   723   720   721   678   711   764   876   841   840   829   716   685   713   711
133 214    14036   729   712   723   828   781   779   817   734   800   723   719   720   678   710   766   876   843   841   827   718   684   713   711
137 214     9336   728   710   723   826   782   780   818   735   800   724   721   721   677   711   764   875   844   842   829   721   684   713   716
141 214    16132   728   712   724   828   781   780   817   734   799   725   720   719   679   711   767   876   845   841   829   721   684   713   716
145 214     9466   727   713   722   827   781   779   815   733   801   725   719   720   678   709   765   876   844   839   827   720   684   713   716
149 214    11017   728   711   724   826   782   779   815   734   799   724   719   720   679   710   765   874   844   840   828   719   684   712   717
153 214     6573   728   711   725   827   781   779   817   734   800   723   720   721   679   711   765   876   845   842   828   717   682   712   713
157 214    10384   727   711   724   828   781   778   817   734   800   723   720   719   677   711   764   876   843   842   829   718   685   713   711
161 214    13451   727   710   724   827   780   779   818   734   801   724   720   719   678   711   765   876   846   842   828   717   685   713   714
165 214    10479   728   710   724   826   782   777   816   734   799   724   721   721   679   710   765   876   844   841   827   718   685   713   715
169 214     9162   727   711   723   828   780   779   816   733   799   723   721   722   681   710   767   876   844   840   829   719   683   714   715
173 214    11683   728   712   722   827   781   779   816   734   800   723   721   720   678   709   765   875   844   840   829   719   685   713   716
177 214     8057   727   712   723   827   781   779   816   735   800   722   721   720   678   710   765   875   842   840   827   717   684   712   714
181 214     6914   727   710   724   827   782   779   816   733   800   723   720   721   678   710   764   876   844   839   829   717   685   712   712
185 214     8507   727   713   724   829   779   779   816   733   800   724   719   720   680   711   765   875   845   840   829   717   685   712   713
189 214     9136   727   710   723   827   780   778   817   733   800   723   720   719   678   711   764   876   844   841   829   720   685   713   716
193 214     9540   729   712   723   826   780   779   816   733   800   724   719   720   680   711   766   875   844   838   828   720   686   714   717
197 214    11899   728   712   722   828   782   779   816   734   799   722   719   719   677   711   765   875   844   841   827   717   685   713   711
201 214     8830   727   712   723   829   781   779   816   734   799   722   720   721   678   711   765   876   843   839   827   715   684   713   712
205 214    10718   726   711   724   828   782   778   817   734   800   721   719   719   679   710   765   876   845   840   826   717   684   712   713
209 214     7682   727   712   723   826   781   779   818   735   800   724   720   720   680   710   765   877   844   839   828   719   684   713   716
129 218    10364   728   710   722   828   782   781   817   733   800   723   720   720   678   709   765   875   844   841   828   716   685   713   712
133 218    12546   729   711   724   828   781   778   815   733   800   723   720   720   679   710   766   877   844   839   827   719   684   714   714
137 218     9954   729   711   722   827   780   779   816   734   800   723   720   721   679   710   765   876   843   839   827   720   685   713   717
141 218    10474   728   712   723   828   782   779   816   734   799   722   720   719   681   710   765   876   844   840   828   721   683   714   717
145 218     9772   728   710   723   829   782   780   816   734   799   723   721   720   677   711   765   876   844   840   828   719   685   713   715
149 218    10015   728   712   724   828   782   777   816   733   800   723   720   721   680   711   765   875   846   840   828   715   683   713   712
153 218     9960   729   711   724   828   780   779   815   734   798   723   719   720   679   711   765   875   845   841   829   717   686   713   713
157 218     8787   728   710   723   827   781   776   816   734   798   722   720   721   677   711   765   876   845   839   828   720   684   713   714
161 218    10645   728   711   723   826   781   780   818   733   800   723   719   721   679   710   763   876   843   840   828   722   685   712   717
165 218     9093   728   713   724   828   781   778   816   733   800   722   720   721   679   711   764   876   842   841   829   721   683   713   716
169 218     9522   727   711   724   828   782   778   816   734   799   722   721   720   677   710   765   877   844   840   827   719   683   712   714
173 218    10889   727   711   722   827   784   779   818   734   801   723   720   720   677   710   763   876   843   840   828   716   684   712   711
177 218     9139   727   711   723   826   782   778   816   734   798   722   719   720   680   709   766   875   845   841   828   715   682   712   711
181 218     8645   728   712   722   827   781   779   816   733   800   725   719   721   678   710   766   876   847   840   829   716   685   715   713
185 218    10156   728   711   723   828   782   780   816   733   802   724   720   720   678   709   765   876   842   840   828   720   685   714   716
189 218    10885   728   710   723   828   782   778   816   733   799   724   719   721   679   711   766   875   842   840   826   720   685   712   718
193 218     9975   727   711   724   827   780   778   816   735   800   724   720   720   680   711   766   877   844   842   829   719   683   712   715
197 218    10444   727   711   723   826   781   779   815   734   800   723   720   722   680   711   765   877   845   840   829   717   683   712   710
201 218    10692   728   711   723   827   782   778   815   734   797   724   720   721   679   711   766   876   845   840   829   715   685   712   711
205 218     9364   726   711   724   827   781   780   816   734   800   720   720   721   678   712   765   876   845   839   828   715   683   712   713
209 218     8761   728   710   724   828   782   780   816   732   799   724   720   720   677   711   765   874   844   840   828   720   685   713   718
129 222    11008   727   711   722   827   782   780   816   733   800   723   719   721   678   709   766   876   844   840   827   720   685   712   717
133 222     8834   728   712   723   826   781   778   815   734   801   723   719   721   679   709   764   876   843   840   828   717   685   710   713
137 222     5271   727   711   724   827   780   780   817   734   800   724   720   721   679   710   765   876   844   838   829   716   682   713   711
141 222    11871   728   709   723   827   783   779   817   735   800   724   720   722   677   711   765   876   844   840   828   719   683   713   715
145 222     6113   726   713   722   827   782   779   816   735   800   721   721   721   680   711   767   876   844   839   828   719   684   713   716
149 222    11583   728   711   722   826   782   779   816   734   801   723   720   719   679   709   765   876   841   840   828   721   685   713   716
153 222    10361   728   709   723   828   781   779   817   735   800   723   719   720   677   711   765   874   845   840   828   719   683   711   716
157 222     8129   727   712   724   827   782   779   815   734   799   724   720   721   678   710   766   876   843   839   828   715   685   714   712
161 222     8985   727   712   722   828   781   777   816   734   800   724   720   720   679   710   767   876   844   841   828   717   685   712   710
165 222     9401   727   710   723   827   782   779   818   734   799   724   720   718   679   711   765   877   845   840   828   720   685   713   718
169 222     8590   727   710   724   827   782   779   817   732   800   720   719   721   679   711   765   874   845   840   829   721   683   711   717
173 222    10006   728   711   723   828   779   779   816   733   800   724   721   721   677   711   765   876   845   840   828   717   684   712   713
177 222    10565   729   711   723   828   782   778   817   733   799   724   720   720   677   709   765   876   843   840   828   716   685   711   711
181 222    10276   728   711   722   828   782   779   816   733   801   723   719   720   678   710   765   876   844   841   828   719   685   711   714
185 222    11350   728   709   724   828   781   780   816   732   800   724   722   721   677   711   766   874   845   839   828   721   683   714   717
189 222    10530   728   711   724   828   780   779   815   734   800   725   721   720   678   711   764   876   843   839   828   720   684   713   717
193 222    10061   730   712   724   828   782   778   815   734   797   723   719   721   679   711   766   876   844   839   828   720   684   710   717
197 222    11732   729   712   723   827   781   776   817   734   800   723   720   721   679   710   766   876   844   840   829   717   684   712   713
201 222     5125   727   712   723   828   782   780   817   733   800   723   721   721   678   711   766   874   844   840   827   716   682   710   711
205 222     9030   728   713   723   828   782   779   815   734   799   723   721   720   679   710   765   876   844   839   828   716   686   713   712
209 222     9711   727   710   722   827   781   778   816   732   801   723   718   721   680   710   766   875   844   840   829   720   684   711   715
129 226    10366   726   711   725   828   782   780   816   732   797   724   720   721   679   711   766   874   844   840   828   718   685   711   715
133 226    11882   728   709   724   826   781   779   817   734   800   723   720   720   678   710   763   877   845   838   828   721   684   713   717
137 226     9407   728   712   724   828   781   780   817   734   800   723   720   721   679   711   764   877   844   838   828   719   685   713   716
141 226    11620   729   711   724   827   780   779   816   732   801   723   720   721   678   710   766   874   844   839   828   716   684   713   712
145 226    10875   728   711   724   827   783   779   818   733   800   724   718   720   677   710   765   876   846   840   829   716   685   711   712
149 226     8745   728   712   724   829   782   779   817   735   799   722   720   719   680   711   765   875   845   840   829   719   685   713   716
153 226    11399   728   711   725   828   779   780   817   732   800   725   718   721   678   710   766   874   844   839   828   720   683   713   716
157 226     7308   727   709   724   828   781   778   816   733   800   723   719   721   679   711   765   875   844   840   828   716   684   714   711
161 226    12495   728   712   724   828   781   779   815   734   800   721   720   720   678   711   766   876   843   840   828   717   685   713   713
165 226     8480   727   711   724   827   783   780   815   734   798   724   720   721   679   710   765   877   843   839   828   719   684   713   715
169 226     7936   728   712   722   828   780   779   817   733   800   722   720   720   679   709   765   876   844   840   831   719   684   713   715
173 226     9326   727   713   724   828   779   779   814   734   800   720   722   720   679   711   765   875   845   840   828   716   683   714   712
177 226    11436   728   711   723   827   782   779   817   734   798   724   719   721   678   712   765   876   844   840   829   717   685   711   713
181 226    11551   727   711   723   826   781   779   818   734   800   723   721   719   680   711   764   876   847   841   829   716   684   713   711
185 226     8154   728   710   723   826   783   779   815   734   800   724   721   721   677   710   764   875   843   839   828   716   683   713   711
189 226     9827   728   711   722   828   780   779   817   732   799   723   720   720   679   710   766   875   844   840   826   719   687   713   716
193 226    14225   728   711   723   826   782   777   818   734   798   724   720   720   678   710   765   876   844   841   827   721   685   712   716
197 226    10919   729   712   723   828   781   777   816   734   799   723   721   721   678   710   766   875   845   841   828   720   685   716   715
201 226    12039   726   711   724   828   782   777   815   733   801   724   721   719   678   711   765   875   843   840   827   716   685   712   713
205 226     9445   727   712   721   828   781   779   816   733   799   723   720   718   678   709   766   877   845   840   829   717   685   713   710
209 226    12381   729   712   724   828   782   780   817   733   799   723   720   721   679   710   766   876   844   838   828   715   685   711   712
129 230     8976   728   711   724   827   781   779   817   733   800   723   720   720   678   711   766   875   844   840   829   716   685   712   710
133 230     6561   727   710   723   827   782   777   817   734   800   724   720   720   679   710   765   877   843   840   826   719   685   714   714
137 230    10896   729   711   723   827   782   779   815   734   798   723   720   720   679   711   764   876   845   840   829   721   685   713   716
141 230     8680   728   711   722   827   780   778   818   733   800   723   720   722   677   710   765   874   844   840   828   717   685   711   713
145 230     8407   726   712   722   828   781   779   816   734   799   723   719   721   678   709   765   877   845   840   828   715   684   711   711
149 230     8432   728   711   724   828   782   778   817   734   800   723   720   720   678   711   765   875   845   839   828   719   682   712   714
153 230     7487   728   711   725   828   779   780   816   733   800   723   719   720   679   712   766   876   844   840   829   720   686   712   715
157 230    11590   727   711   723   828   782   780   816   734   800   723   720   719   679   711   765   877   843   840   828   716   683   713   712
161 230    11509   729   712   723   828   782   778   815   732   799   723   720   721   678   710   766   875   844   840   829   717   685   713   711
165 230     8352   728   710   722   828   780   779   816   733   800   724   721   721   678   710   765   876   845   841   827   718   683   713   714
169 230     8841   728   711   724   828   782   779   815   734   800   724   720   720   679   711   765   876   843   840   827   720   685   713   717
173 230    10793   728   712   722   828   779   778   817   734   801   724   720   722   680   711   766   876   843   838   827   717   684   712   714
177 230     9757   728   711   724   825   782   777   816   734   801   725   721   720   679   711   763   875   843   838   828   716   684   711   713
181 230     8301   727   712   724   828   782   779   815   734   799   722   720   721   679   711   766   876   844   840   829   716   684   713   710
185 230     8708   727   710   724   828   782   780   817   734   800   723   719   720   679   710   766   875   845   839   828   716   683   714   711
189 230     9145   727   712   723   829   780   778   817   734   800   724   719   719   679   711   765   877   844   839   827   717   684   713   714
193 230     9350   727   713   723   831   782   779   817   734   799   722   722   720   678   710   766   877   844   840   827   719   683   714   714
197 230     9142   727   712   725   828   781   778   816   734   800   723   718   718   679   711   764   876   843   839   829   719   684   711   718
201 230    11593   727   711   722   827   782   778   816   734   800   722   721   721   679   709   764   876   844   840   826   720   684   712   714
205 230    10423   729   711   726   827   782   779   817   734   798   724   719   721   679   710   766   878   845   839   829   716   685   711   712
209 230     9724   729   712   724   829   780   778   817   735   799   722   719   722   680   709   765   877   846   840   828   716   682   712   713
129 234    10191   730   712   723   827   780   778   815   733   799   724   721   721   678   710   765   876   845   838   828   720   684   712   717
133 234    11052   727   710   722   829   781   778   816   733   800   724   720   719   678   711   767   876   844   839   829   719   685   712   715
137 234    10613   728   711   722   828   781   778   817   734   799   724   719   720   679   711   766   876   844   840   829   716   685   711   711
141 234     9467   728   711   724   826   780   780   815   735   801   723   720   721   677   710   764   876   842   840   828   719   684   712   716
145 234     9866   726   711   723   828   780   780   815   733   799   722   721   720   679   710   765   875   844   840   828   720   683   713   716
149 234     9045   727   711   722   827   782   779   816   733   800   725   719   721   679   710   765   876   845   838   829   717   685   712   711
153 234     7194   728   713   723   826   782   779   816   734   800   723   720   721   680   711   766   876   845   838   828   715   684   714   709
157 234    10866   728   712   724   827   781   779   816   733   798   723   720   721   678   711   764   875   845   842   828   717   685   712   714
161 234    10129   728   712   721   826   780   779   818   735   800   723   721   721   678   709   764   877   844   840   827   719   684   714   715
165 234    11300   729   710   724   827   782   780   816   732   800   724   720   720   677   711   766   875   844   840   828   721   684   713   716
169 234     8077   726   712   725   828   782   779   816   733   801   722   720   720   678   710   766   875   844   840   828   720   684   712   715
173 234    10906   727   711   723   828   781   779   817   735   800   723   719   721   678   711   765   876   845   840   829   717   686   712   714
177 234     7153   726   710   723   827   782   779   817   733   800   724   720   719   678   710   765   876   845   840   828   716   685   713   712
181 234    11651   728   711   723   827   782   780   817   734   800   724   719   721   679   710   767   876   846   840   829   716   684   711   712
185 234     7822   727   711   723   829   781   778   816   736   799   723   720   720   678   710   765   877   845   840   829   718   684   713   714
189 234     9920   730   711   723   827   781   778   815   733   798   724   720   719   679   711   764   876   845   839   827   718   684   712   716
193 234     8439   727   712   725   826   782   777   816   734   800   722   721   722   680   711   764   877   843   840   827   720   684   713   716
197 234     9412   729   711   723   827   782   777   817   734   800   723   721   721   677   710   765   876   845   840   827   720   685   714   715
201 234    10078   726   712   725   827   782   777   817   734   800   724   721   719   679   712   767   875   844   840   827   718   685   712   712
205 234     9558   729   711   724   826   782   778   815   733   800   723   718   721   680   712   765   875   845   840   828   716   682   712   711
209 234     9371   728   711   723   828   780   779   818   734   801   723   720   720   679   710   764   876   845   840   829   716   684   713   711
129 238    11137   729   710   724   828   782   779   817   735   801   722   720   721   678   710   765   877   844   840   828   716   685   711   711
133 238     9069   728   711   723   827   781   778   816   733   800   723   720   720   678   712   767   875   843   840   827   719   684   711   714
137 238     9555   728   711   724   827   782   778   816   735   801   724   718   719   677   710   766   876   845   842   828   720   684   711   716
141 238     8225   727   711   724   828   782   780   817   735   801   724   719   719   679   712   765   876   844   840   828   716   684   711   713
145 238    11173   728   711   724   826   782   779   816   734   800   723   721   720   677   710   767   875   844   840   827   715   683   712   712
149 238     8932   727   711   722   828   782   780   817   734   799   723   722   720   677   710   767   875   844   840   828   716   685   713   712
153 238    11680   728   710   723   827   781   779   817   734   800   723   720   721   678   709   765   876   844   840   827   719   685   713   715
157 238    11108   729   710   722   827   781   778   816   735   800   722   720   721   680   711   766   876   844   840   828   720   683   711   716
161 238     9795   728   711   723   828   781   779   816   733   798   723   720   720   679   711   765   876   845   840   829   719   686   712   717
165 238     8457   727   711   722   826   782   778   816   733   801   724   720   721   679   710   764   876   844   841   827   719   685   713   712
169 238    10946   729   712   724   827   780   777   817   734   800   723   720   720   678   711   766   875   844   840   828   716   684   713   712
173 238    10190   728   710   724   828   781   779   816   734   800   723   722   720   679   710   765   876   844   839   827   721   683   713   717
177 238     8454   728   712   724   826   782   780   817   734   800   722   721   720   680   710   766   876   845   840   827   720   683   712   718
181 238    10652   728   711   724   827   783   780   816   733   800   722   719   721   678   710   765   875   844   840   829   720   685   713   715
185 238     9875   727   711   723   827   782   779   817   734   800   722   720   720   679   710   765   876   843   840   828   715   684   712   713
189 238     8811   726   711   722   827   782   777   816   732   800   723   721   719   680   710   766   876   844   840   825   719   684   714   714
193 238     9018   725   711   722   828   782   779   818   733   802   722   720   719   679   710   766   876   845   840   828   720   683   713   718
197 238     7799   726   712   724   828   781   779   815   734   801   723   721   721   679   711   766   876   845   838   829   720   684   713   717
201 238    12759   728   710   723   826   781   778   816   734   800   722   720   721   678   711   765   876   841   841   827   717   683   712   713
205 238     9535   728   711   723   828   783   777   816   734   800   724   721   721   679   710   765   877   845   839   826   717   684   713   712
209 238     8293   727   710   723   827   781   779   816   734   800   724   720   720   677   710   765   876   844   839   828   717   685   713   714
129 242    13306   729   711   724   827   782   779   814   734   799   724   720   720   677   711   766   876   843   839   828   720   685   712   716
133 242    11826   729   710   724   827   780   778   817   732   800   723   719   720   679   711   766   875   845   840   828   718   684   711   714
137 242    11512   729   711   724   828   782   780   816   735   800   722   722   720   677   711   766   875   844   841   827   717   683   711   713
141 242    10387   729   712   722   828   779   781   816   734   800   722   721   721   679   709   766   876   845   840   830   716   686   713   712
145 242    12323   728   711   724   827   781   778   816   733   798   724   720   721   679   710   764   876   842   841   828   719   685   712   715
149 242     9185   727   711   725   829   782   779   817   734   800   723   720   718   679   710   766   876   845   840   828   721   685   713   715
153 242     7819   728   711   723   828   779   779   817   736   800   722   721   721   678   711   768   876   844   841   828   717   682   713   711
157 242     8425   728   711   723   828   781   777   816   733   800   724   718   720   677   710   766   876   845   840   826   716   685   715   712
161 242    10874   726   711   724   827   781   778   817   734   800   723   719   719   679   711   767   876   845   840   827   720   685   712   716
165 242    11008   725   711   723   826   781   779   817   733   802   724   721   720   679   711   765   876   843   839   829   719   683   713   715
169 242     8506   728   711   722   828   781   778   817   733   800   723   721   721   678   709   766   875   845   840   829   716   685   713   712
173 242     9273   727   712   724   827   783   779   815   733   800   722   720   720   678   711   765   876   845   841   828   716   685   713   712
177 242    10931   728   710   724   828   782   780   817   737   801   722   719   720   676   711   765   877   845   839   829   721   684   713   716
181 242    12097   728   712   724   827   780   780   816   734   799   724   720   721   679   711   766   877   844   838   828   719   687   713   714
185 242    10447   727   711   724   827   781   779   816   734   800   723   718   720   679   712   765   877   844   840   829   717   686   712   713
189 242    11027   728   710   724   828   783   779   813   734   800   723   720   718   677   711   764   876   844   841   830   717   685   713   714
193 242     8841   729   712   724   826   781   777   816   733   801   724   720   721   679   711   767   877   842   840   826   716   685   712   711
197 242     8800   728   711   723   828   781   778   816   733   800   722   720   721   678   709   766   876   844   840   826   718   684   714   715
201 242     5545   727   710   723   827   780   780   817   733   800   720   718   720   678   711   765   874   845   840   828   721   686   711   717
205 242    12115   728   712   724   824   782   778   816   734   800   724   720   722   679   711   765   876   842   841   829   717   685   712   713
209 242     8563   728   709   724   828   781   779   815   733   800   723   720   721   676   711   764   877   844   840   828   716   685   713   712
129 246    11572   729   712   723   828   781   780   815   734   799   724   721   720   679   711   765   876   846   841   829   720   685   712   716
133 246    12207   729   710   723   827   781   779   816   733   799   724   721   720   679   711   767   877   845   840   828   719   684   713   715
137 246    10017   726   712   723   828   781   779   816   734   799   722   721   719   679   711   765   876   844   841   828   719   684   712   714
141 246     9553   728   711   723   827   782   779   816   734   800   723   720   721   677   711   764   875   845   840   829   716   685   714   713
145 246     9288   726   712   724   827   782   779   817   734   801   724   720   719   679   710   764   876   844   841   828   718   684   713   716
149 246     9991   726   712   723   827   782   777   817   734   800   723   718   720   678   712   767   875   843   841   827   720   685   710   716
153 246     7968   728   712   724   828   781   779   816   734   799   722   720   722   679   711   765   875   844   839   828   717   683   712   713
157 246    10109   727   709   724   827   781   779   816   734   801   724   720   718   676   711   766   876   845   840   829   716   685   713   711
161 246     7874   728   711   723   825   782   776   816   734   799   723   719   720   678   710   764   876   843   840   829   718   685   715   712
165 246     5621   728   712   722   828   782   777   816   733   800   723   720   720   678   708   764   877   845   840   828   717   685   714   714
169 246    12172   728   712   723   828   782   779   817   734   800   723   721   721   679   710   766   875   845   840   828   721   686   712   716
173 246    10846   729   710   724   828   780   779   818   732   800   724   721   720   678   711   765   875   844   841   828   719   685   713   715
177 246    14235   729   712   721   827   782   777   817   734   798   723   721   722   679   709   766   876   844   840   828   716   685   712   711
181 246    12498   729   710   722   828   781   780   817   732   801   721   721   721   678   710   765   875   844   840   828   715   683   713   711
185 246    10967   728   710   724   825   782   779   818   733   799   723   721   720   678   711   764   876   844   840   828   718   684   714   713
189 246    11599   729   710   723   829   782   778   817   734   801   723   719   721   677   710   766   876   845   840   828   720   684   712   717
193 246     7214   725   712   723   828   781   779   816   734   799   723   720   719   678   711   764   876   842   840   829   719   685   713   714
197 246    12374   729   714   724   828   781   779   816   733   801   721   721   721   680   711   766   875   844   840   828   716   681   713   711
201 246    11015   728   709   724   828   781   779   815   734   800   724   720   720   678   711   765   875   844   839   828   720   684   713   716
205 246     9540   728   712   723   828   782   778   817   733   799   724   721   721   678   711   765   876   845   840   827   720   685   714   716
209 246     8162   728   711   724   828   782   779   817   734   800   723   720   719   678   711   766   876   844   841   828   719   684   713   713
129 250     9329   726   710   723   827   781   778   816   734   800   722   721   719   678   711   763   875   844   841   829   718   686   713   713
133 250     8974   728   711   723   827   779   779   816   732   801   723   721   721   678   712   766   874   844   840   827   716   684   712   711
137 250     8597   727   710   722   827   781   777   816   733   799   724   721   722   679   708   766   875   846   840   828   717   685   712   711
141 250     9531   727   711   724   828   781   777   817   734   800   723   719   720   678   711   766   876   844   840   827   719   685   712   716
145 250     9908   729   712   723   828   782   779   817   732   799   724   719   721   679   709   765   874   844   840   827   720   685   713   718
149 250     9831   728   712   723   828   781   777   817   733   800   724   722   721   678   710   766   876   844   840   826   718   685   713   714
153 250    10101   728   710   724   826   783   779   814   735   799   723   720   720   680   711   764   876   843   840   828   716   683   714   711
157 250    11309   728   709   724   827   782   779   815   734   801   724   721   720   676   711   764   876   845   842   829   717   685   713   713
161 250     8315   728   709   723   828   781   779   815   733   799   723   720   721   677   711   766   877   844   841   828   720   685   712   715
165 250     9955   728   712   724   827   781   780   817   734   800   722   720   721   678   711   766   876   844   839   828   720   683   714   716
169 250     9403   726   712   724   828   782   777   817   734   799   723   720   719   679   711   765   876   845   839   829   718   685   712   714
173 250     6556   726   712   721   828   782   781   818   733   800   723   721   719   679   709   764   876   843   841   829   716   685   713   711
177 250    10504   730   712   722   828   781   780   816   734   799   723   721   720   679   710   766   876   843   840   829   716   684   713   713
181 250     7664   727   712   725   829   782   779   818   734   799   724   718   719   679   711   766   876   844   840   829   719   685   710   716
185 250     8221   729   712   723   828   781   777   817   732   799   723   720   721   679   708   766   874   844   840   828   720   684   714   718
189 250     8825   727   711   724   825   781   779   816   734   798   722   721   720   679   711   764   876   842   839   828   716   684   713   713
193 250    13073   729   709   724   827   782   779   814   734   801   723   720   721   678   711   765   876   845   840   829   718   684   713   712
197 250     8919   727   712   724   828   782   779   816   734   799   723   720   718   678   710   766   876   843   839   829   719   685   713   715
201 250     8673   728   709   724   828   781   778   816   734   800   724   719   721   678   711   766   876   844   840   827   720   684   712   718
205 250     8446   729   710   723   825   783   779   816   734   803   723   721   722   679   710   764   876   842   840   828   719   684   713   715
209 250    11620   729   712   723   828   781   777   817   732   799   724   719   721   678   710   765   875   844   841   828   716   685   712   712
