! Map center:  169,210
129 170     9520   728   713   725   829   782   780   816   735   802   723   722   720   679   711   766   878   843   842   828   720   684   712   716
133 170    10598   731   713   722   827   783   779   817   733   799   722   721   722   678   710   766   878   846   842   829   721   684   712   718
137 170     8185   727   711   722   830   784   780   819   733   802   725   722   721   678   710   768   876   846   843   832   720   685   714   716
141 170    10900   727   712   723   829   783   780   818   735   801   724   718   719   679   710   768   876   845   841   829   719   684   711   715
145 170     9983   728   709   723   828   783   779   818   733   801   724   722   721   676   712   764   876   846   839   831   717   685   713   712
149 170     9060   730   711   724   830   780   778   818   734   801   724   719   719   680   709   766   877   844   839   830   717   685   713   713
153 170    10832   729   709   728   828   782   780   818   735   801   726   717   724   677   711   766   877   846   839   830   716   684   712   714
157 170     9200   728   712   725   829   783   779   816   733   802   723   721   720   676   712   764   875   843   841   829   721   684   712   716
161 170    10626   730   712   725   830   781   778   817   735   800   724   720   720   679   711   766   877   845   841   830   721   685   714   718
165 170    10894   730   712   723   827   783   779   816   733   801   724   721   722   677   709   765   875   846   842   827   721   685   714   715
169 170    13158   729   709   725   828   781   781   817   735   802   724   718   722   678   709   766   877   844   841   829   721   684   714   715
173 170    10457   731   710   723   829   782   779   817   735   798   725   720   721   679   711   766   878   845   839   830   716   685   715   714
177 170    10639   727   712   725   830   782   780   816   733   801   724   723   718   679   711   765   876   845   840   828   716   684   712   710
181 170     9015   729   711   719   827   782   783   818   733   800   725   721   721   678   709   764   877   844   842   829   716   685   713   711
185 170    12159   729   712   725   829   783   778   818   734   799   725   720   722   680   709   766   876   847   841   829   716   687   711   714
189 170    11258   728   710   723   828   782   779   816   734   800   723   721   719   680   712   766   877   846   842   828   717   684   716   712
193 170    14240   731   713   725   826   782   778   818   734   799   725   720   723   680   712   764   877   846   841   829   717   684   713   713
197 170     9501   729   709   725   829   782   779   819   733   799   725   721   723   677   712   765   878   845   838   832   717   686   713   712
201 170     8420   728   711   725   828   783   780   817   735   801   725   718   722   678   709   766   878   844   839   829   720   686   713   715
205 170     9597   729   711   723   829   783   781   818   734   800   725   719   720   678   711   766   877   845   842   830   721   685   712   718
209 170     5961   729   712   726   828   783   778   817   736   800   725   720   722   679   711   766   878   845   838   830   719   684   713   717
129 174     7771   728   713   725   827   782   779   815   734   801   724   724   720   679   712   765   877   842   842   827   717   685   714   713
133 174     8149   728   712   723   828   782   778   818   736   796   724   720   722   679   711   766   879   847   841   829   717   686   713   716
137 174    11875   728   713   724   830   783   780   818   734   801   722   720   720   679   709   766   875   845   839   830   720   681   714   715
141 174    10112   727   713   723   828   782   777   817   733   800   724   721   722   680   711   766   875   844   840   828   721   684   714   717
145 174     9823   731   712   723   828   783   778   817   732   801   724   721   722   680   713   767   876   845   841   826   719   683   711   718
149 174    11270   730   713   725   827   781   779   815   735   800   724   721   724   678   712   765   876   845   841   830   719   683   713   718
153 174    11215   730   711   726   827   783   779   815   735   799   724   722   722   678   711   765   878   846   841   829   718   685   712   715
157 174    10162   731   710   727   827   784   778   816   734   799   725   717   723   678   712   766   877   846   842   830   717   686   713   713
161 174    10681   728   709   725   828   782   780   819   735   799   724   719   721   678   713   766   878   846   842   830   718   685   713   711
165 174    13048   729   712   724   827   783   778   818   734   802   724   722   722   679   711   766   877   846   840   829   717   684   711   712
169 174    12520   728   710   724   829   783   780   817   734   802   723   724   720   678   712   767   877   846   841   828   717   684   713   717
173 174     9576   729   714   725   829   784   780   814   735   801   720   722   722   679   712   764   878   845   840   829   723   681   713   717
177 174    12666   729   712   724   829   781   779   817   734   800   728   721   721   679   712   767   877   846   836   829   722   688   713   717
181 174    11329   728   710   725   827   781   780   814   734   801   724   722   721   678   711   766   877   845   842   829   719   685   712   715
185 174     8537   727   711   724   824   785   779   816   734   801   724   723   722   677   712   763   879   848   841   825   717   685   710   713
189 174    12327   727   712   724   827   783   779   818   733   800   725   721   720   680   713   764   876   847   840   829   716   685   714   711
193 174    11684   729   712   723   829   783   779   817   735   800   725   721   723   679   710   766   878   844   841   829   717   684   714   712
197 174     9175   729   710   724   829   781   777   818   732   801   721   719   721   677   710   767   875   845   841   829   717   683   713   712
201 174     9067   726   712   724   828   783   780   818   734   799   725   721   721   679   712   766   876   847   841   829   718   685   714   713
205 174     8309   729   713   723   828   781   779   816   732   801   723   720   721   679   711   766   874   846   841   829   721   684   714   717
209 174     9417   729   712   722   828   782   780   819   732   803   725   721   721   678   712   765   874   844   841   829   722   685   711   716
129 178     5876   730   713   721   829   781   779   818   732   799   724   719   722   679   711   766   876   845   842   828   718   686   713   712
133 178    11124   728   713   724   826   782   776   817   735   801   725   721   720   681   712   765   877   843   841   828   723   684   712   717
137 178    12939   728   712   724   828   783   779   818   732   799   723   721   720   680   712   767   876   847   842   828   721   684   714   719
141 178    11048   726   711   721   830   783   776   818   736   801   724   721   718   680   712   766   876   845   840   829   720   684   713   717
145 178    10565   727   712   725   829   783   779   817   736   799   723   720   719   680   710   767   879   846   841   831   720   684   713   717
149 178    11188   726   710   724   830   783   779   816   736   803   724   720   719   678   712   765   877   843   842   829   722   686   713   717
153 178     9520   729   713   722   829   782   780   818   730   799   723   720   721   680   711   768   875   844   842   829   718   684   711   714
157 178    11050   729   713   723   829   780   779   817   734   801   723   722   722   680   711   767   876   845   841   830   718   684   713   712
161 178    11060   729   714   723   828   781   782   817   734   800   722   720   722   680   709   766   876   846   840   828   717   683   713   712
165 178    11050   732   712   724   827   783   779   817   735   799   725   722   721   679   711   765   878   846   841   829   717   686   712   715
169 178     9003   726   712   724   828   783   779   815   736   801   723   721   721   678   712   766   880   846   839   828   719   685   713   715
173 178    11389   730   710   724   825   784   780   817   736   801   725   719   722   679   709   765   878   845   841   829   721   684   712   717
177 178    13075   730   709   726   828   781   781   817   734   800   725   721   721   677   712   765   878   846   842   827   720   685   714   718
181 178    12380   727   714   724   830   782   779   815   733   803   721   723   720   681   712   767   876   844   841   828   720   682   713   716
185 178    12017   731   710   729   829   782   780   818   735   800   725   718   722   678   709   765   876   844   839   830   717   685   712   714
189 178     8452   729   711   725   829   778   780   817   733   800   724   719   721   680   712   766   877   847   842   829   718   682   711   714
193 178    11256   731   713   724   830   780   780   817   735   800   724   719   721   679   709   766   876   845   842   830   716   685   712   715
197 178    11618   731   713   722   830   782   779   817   734   799   723   721   721   678   712   766   879   846   840   829   716   684   715   714
201 178     9030   730   711   724   830   780   780   816   733   804   724   723   721   677   712   767   877   845   840   827   717   684   711   713
205 178    11551   730   710   726   827   783   780   818   734   802   724   720   721   677   713   764   877   844   841   828   719   685   713   715
209 178    11658   730   711   725   824   783   777   818   735   799   723   720   720   677   712   763   878   847   840   830   721   685   714   716
129 182    14299   732   711   726   829   783   780   817   735   800   724   721   723   678   710   766   877   845   841   829   715   684   710   713
133 182    10670   728   712   724   828   780   782   818   735   801   724   720   720   680   710   765   878   846   842   829   717   684   714   714
137 182     7934   729   712   724   829   782   780   816   734   801   722   721   720   679   709   766   877   842   842   826   723   683   714   718
141 182     9325   730   712   724   828   782   780   815   733   801   722   718   721   678   713   766   877   847   841   828   721   684   712   718
145 182    11897   729   710   725   827   784   780   817   732   801   724   722   721   674   711   765   875   846   841   829   720   685   714   715
149 182     8192   729   711   724   829   780   780   817   734   801   724   718   721   679   712   766   877   843   841   829   716   683   712   713
153 182     8900   728   708   725   827   782   780   817   732   801   725   723   722   676   713   765   875   847   841   826   717   685   710   713
157 182    10905   729   711   721   829   783   775   818   737   801   727   722   720   680   711   767   878   846   838   829   716   686   713   712
161 182    12017   728   712   724   828   784   778   818   733   800   724   721   718   679   712   765   876   846   841   830   716   684   714   712
165 182    11750   730   709   725   828   781   780   818   733   799   723   720   721   676   712   766   877   846   841   830   715   685   711   714
169 182    12059   731   712   721   829   783   779   818   735   800   725   722   721   679   709   765   878   846   840   829   716   686   713   714
173 182    11852   727   712   723   828   782   778   820   733   801   723   720   719   679   709   765   878   845   842   829   717   682   713   712
177 182     9953   730   710   727   827   781   780   817   734   802   722   719   723   678   712   765   877   844   840   829   718   682   711   714
181 182    11173   729   713   724   829   782   781   819   733   799   723   721   721   679   712   765   875   846   841   829   720   683   713   717
185 182    10815   729   711   723   829   782   778   815   735   801   724   722   722   676   713   767   878   845   841   828   721   684   712   718
189 182    12100   730   711   724   829   784   780   817   733   800   727   720   721   678   711   765   876   848   840   831   722   687   711   716
193 182    12225   730   711   725   829   781   780   817   735   800   725   722   719   677   712   766   877   846   841   827   720   685   714   716
197 182     9985   729   709   722   828   783   780   817   733   801   725   722   722   678   710   766   876   847   840   827   720   687   713   716
201 182    10298   729   711   724   827   782   780   819   735   801   725   720   721   679   709   764   876   844   840   830   718   686   713   713
205 182    12448   728   712   725   828   783   780   818   735   801   724   720   720   680   712   763   876   846   841   828   718   684   714   712
209 182     7766   729   711   724   826   784   780   817   734   802   724   722   722   678   708   764   877   847   840   828   716   685   714   711
129 186    11080   730   713   722   829   780   781   817   735   802   724   719   721   679   710   766   877   843   842   829   721   685   713   716
133 186    10644   730   713   725   828   780   781   817   734   799   725   719   724   680   711   767   878   847   841   829   719   685   712   718
137 186     8555   729   712   723   829   782   780   818   736   801   726   721   721   680   709   766   876   845   840   830   719   685   713   716
141 186     9680   729   712   722   829   780   781   819   733   800   724   722   721   678   710   766   875   844   843   829   717   684   713   715
145 186     9741   731   711   728   828   784   781   817   735   801   723   719   722   678   712   764   878   846   841   830   715   683   714   712
149 186    11073   731   710   725   828   782   778   816   735   798   726   721   723   677   712   765   878   845   841   828   716   687   714   712
153 186    11318   729   711   723   830   785   778   816   735   800   725   721   719   677   712   767   878   846   840   829   716   684   714   711
157 186    10906   729   710   724   828   781   780   818   733   802   725   719   723   679   710   766   875   844   842   829   716   684   714   713
161 186    13342   729   712   726   829   782   778   816   735   801   725   719   722   679   712   766   877   844   840   829   718   685   714   713
165 186    12163   730   711   725   828   781   780   818   733   800   724   720   722   678   714   766   878   848   843   829   716   685   712   713
169 186    14358   729   712   724   828   783   779   816   733   801   723   721   722   680   711   765   875   846   840   829   716   682   714   712
173 186    14489   729   712   722   831   782   781   819   735   801   722   721   719   681   709   768   877   845   841   828   716   683   714   711
177 186    15270   730   710   725   828   783   781   816   733   801   725   721   722   677   711   765   877   845   841   828   716   685   711   712
181 186    12945   728   712   725   830   783   778   819   733   801   725   719   719   679   712   764   875   846   840   829   716   684   714   712
185 186    13742   730   711   724   826   781   780   818   734   801   722   722   721   679   712   762   878   848   841   829   716   681   714   711
189 186     8318   727   713   724   828   782   779   818   732   801   723   721   717   679   712   767   875   845   841   831   717   682   714   711
193 186    11896   730   712   722   828   781   779   817   736   798   724   720   721   680   710   766   878   846   843   828   716   685   713   713
197 186     6826   728   709   726   829   784   781   818   734   801   725   720   722   677   712   766   876   844   840   829   715   685   712   712
201 186    10061   729   713   724   829   783   779   819   734   800   722   720   721   680   711   765   875   845   841   830   717   682   713   714
205 186    12954   728   712   723   829   780   779   817   736   800   724   720   721   679   713   766   878   846   840   829   719   684   711   715
209 186     9982   730   713   727   827   781   780   817   735   799   723   719   722   679   711   765   877   846   841   829   718   685   714   715
129 190     7945   726   711   724   829   782   781   818   734   801   722   721   719   680   712   766   877   846   841   829   720   684   712   715
133 190    11620   729   711   722   829   783   780   816   734   799   725   721   723   677   711   767   877   845   841   828   721   685   711   715
137 190     9359   728   711   721   829   780   779   818   733   801   722   720   722   680   710   767   877   844   841   830   719   683   713   716
141 190     7609   728   710   724   828   782   779   820   733   801   722   722   720   679   711   762   876   846   840   829   718   680   713   713
145 190    12485   730   710   725   827   782   780   815   735   802   724   723   722   678   712   764   877   847   841   828   717   684   715   714
149 190    10635   729   712   725   825   783   780   816   734   801   724   722   721   678   712   764   876   848   840   829   717   684   715   712
153 190     8535   726   712   724   829   783   777   817   735   801   724   720   721   679   712   768   877   845   840   829   718   686   713   713
157 190    10291   730   712   722   829   781   778   817   735   800   725   722   722   680   710   768   878   846   840   828   717   683   712   713
161 190    16283   727   712   726   830   782   779   818   735   802   725   721   719   680   711   764   877   845   839   829   718   683   713   710
165 190    15210   730   712   723   828   781   781   817   734   799   725   722   724   680   710   766   878   845   843   827   716   684   713   713
169 190    16913   729   713   725   827   783   780   820   733   801   723   722   721   679   712   763   876   846   840   828   719   685   713   714
173 190    16929   731   712   725   829   783   780   816   734   799   721   722   721   681   712   766   876   847   841   828   720   682   714   718
177 190    12619   730   713   724   828   782   776   819   731   801   721   721   720   680   711   764   874   846   841   831   721   683   714   717
181 190    15584   726   712   725   828   782   779   817   735   802   723   721   720   679   712   766   877   845   843   828   720   683   712   718
185 190    11473   730   711   724   826   783   779   816   735   801   724   723   721   679   711   764   877   843   842   828   721   684   713   717
189 190    10250   728   710   725   829   780   780   818   734   802   725   720   721   679   712   765   878   844   841   829   723   685   711   715
193 190    11464   730   710   723   829   783   781   818   734   801   724   721   721   678   710   767   879   846   843   830   721   685   713   718
197 190    11094   726   711   726   828   782   779   818   734   798   724   719   719   678   710   764   877   846   843   831   720   686   713   714
201 190     9161   731   712   721   828   780   779   818   736   800   725   721   721   679   712   766   878   846   840   829   719   685   714   717
205 190    11824   729   711   725   829   781   780   815   735   803   723   721   721   678   713   766   877   844   842   827   718   684   714   714
209 190    12026   730   715   723   829   783   777   818   730   800   722   722   722   680   712   767   874   845   841   829   717   684   714   711
129 194     9330   727   713   724   826   782   780   818   735   801   723   721   721   681   710   764   878   846   841   827   719   683   714   715
133 194     7550   728   713   725   829   781   778   817   735   800   724   719   721   680   713   766   877   845   842   827   719   685   713   717
137 194     8496   729   709   725   828   782   780   817   734   801   724   724   721   678   712   766   876   846   841   827   721   686   710   717
141 194     8935   730   712   725   827   783   778   820   733   801   725   721   721   679   712   763   876   845   838   829   721   684   713   715
145 194    12278   730   715   725   827   783   780   815   733   801   722   722   721   679   711   764   877   846   841   829   718   681   712   715
149 194    13358   732   712   724   828   783   779   818   734   797   724   719   723   679   712   766   877   845   840   830   717   686   713   714
153 194     9531   727   711   722   829   783   779   818   734   800   723   720   720   679   712   767   878   846   841   829   720   683   713   717
157 194    17148   730   712   720   829   784   778   819   734   801   724   721   721   679   710   767   876   844   841   828   720   683   713   714
161 194    18750   731   712   724   828   782   781   818   732   801   722   721   719   679   712   766   878   846   840   831   718   682   714   713
165 194    18555   731   712   725   826   782   782   816   734   803   725   720   721   679   709   764   877   845   841   828   719   685   715   713
169 194    21131   732   711   724   829   782   782   818   734   801   724   719   721   677   711   766   877   846   842   829   717   686   716   712
173 194    22752   733   713   723   828   782   778   818   733   802   725   721   721   677   713   767   877   845   840   830   716   685   712   712
177 194    17566   732   713   726   827   782   778   818   732   799   725   719   722   679   711   764   876   847   840   829   716   686   712   710
181 194    18265   732   712   722   830   782   778   818   736   800   725   721   720   679   711   766   878   846   839   828   717   684   714   712
185 194    13316   727   712   724   831   780   781   817   734   802   725   720   720   680   709   767   878   844   840   829   718   684   714   711
189 194    10698   732   710   725   829   781   781   815   734   800   724   722   722   677   711   766   877   844   841   829   717   684   714   715
193 194     9978   729   710   724   828   783   778   815   735   799   724   719   721   678   712   764   878   846   841   828   721   684   712   715
197 194     9203   728   712   725   827   783   778   817   736   801   724   718   721   679   711   765   879   844   842   831   722   684   711   720
201 194     9750   727   709   725   826   782   780   817   733   801   722   721   719   678   712   764   876   845   841   828   720   683   715   718
205 194    10483   729   711   725   829   782   778   816   735   802   724   719   721   679   711   765   877   843   841   828   720   685   711   717
209 194     9019   729   711   726   829   780   779   817   734   802   724   719   722   679   712   766   877   844   841   828   719   683   710   715
129 198     8751   728   712   723   828   781   781   817   735   800   724   720   722   680   708   766   878   843   841   829   720   685   713   715
133 198     9844   729   709   725   829   782   780   815   735   802   725   721   721   676   713   767   877   843   841   828   721   684   712   717
137 198    10230   729   712   724   829   783   779   819   735   800   725   722   719   680   712   767   877   847   839   829   722   685   714   719
141 198    12027   728   714   726   829   782   781   817   734   801   723   719   721   680   714   766   878   844   841   830   721   686   711   717
145 198    11251   730   713   723   830   783   778   818   734   801   725   719   720   680   710   765   880   844   840   830   719   684   713   716
149 198    13721   727   712   726   831   782   777   818   734   801   725   719   717   680   710   765   877   845   840   830   719   686   714   716
153 198    14975   731   712   726   827   782   780   816   734   801   722   720   721   681   711   765   877   845   841   829   720   684   712   716
157 198    19497   732   712   724   828   783   781   819   733   801   724   721   721   679   710   764   878   846   840   830   718   682   713   715
161 198    18587   732   713   723   829   783   779   817   735   801   723   722   721   679   712   766   877   845   843   829   718   683   713   716
165 198    20695   731   712   725   827   781   779   819   734   800   724   721   721   679   712   764   876   848   841   832   717   683   713   714
169 198    25355   733   711   722   829   781   779   817   735   801   723   723   721   678   711   767   877   845   842   827   717   683   712   713
173 198    28146   732   713   725   829   780   780   817   734   803   723   721   720   678   712   766   877   844   842   829   719   684   712   711
177 198    25871   734   711   725   828   782   778   817   733   800   724   720   722   677   712   766   875   845   841   830   717   685   712   713
181 198    25517   731   712   725   828   781   779   817   734   801   724   720   721   680   708   766   878   845   842   829   717   685   714   711
185 198    17182   732   710   725   829   781   781   817   734   799   724   720   722   677   713   766   877   841   840   829   716   684   712   713
189 198    15318   732   712   724   828   782   777   817   734   801   724   718   722   680   709   766   877   844   841   829   715   685   714   713
193 198    11677   729   713   724   829   780   779   816   734   801   725   721   720   679   712   765   878   846   838   831   717   686   714   713
197 198    11739   730   711   722   827   782   779   815   735   800   723   721   722   678   712   766   878   847   841   827   720   683   711   716
201 198    11382   725   712   724   832   782   778   818   734   799   725   722   720   680   712   766   875   846   839   829   720   683   714   714
205 198     9979   730   712   725   829   781   781   818   734   801   723   718   722   679   713   766   877   845   838   829   720   685   709   716
209 198    10958   729   714   725   828   783   780   817   733   800   724   721   722   680   711   766   875   845   841   827   721   683   713   717
129 202    10046   730   712   723   828   784   776   817   732   798   726   722   721   679   712   765   876   846   840   829   715   686   713   712
133 202    12340   730   710   726   829   781   780   818   734   801   724   719   721   678   713   767   878   844   840   829   716   687   711   712
137 202     8794   728   712   720   829   781   780   818   734   800   723   719   720   679   709   767   876   846   840   830   716   685   713   713
141 202    10061   728   711   723   829   781   782   818   734   799   724   721   721   679   710   766   878   845   842   830   716   685   713   715
145 202    12823   730   710   723   828   783   778   817   734   802   722   721   721   677   712   765   877   847   842   830   719   683   713   716
149 202    12366   730   710   723   830   782   780   817   736   799   723   719   722   678   712   767   879   846   840   830   719   683   713   717
153 202    16118   731   711   724   827   784   779   817   736   801   723   721   721   677   710   765   879   847   840   829   722   685   715   718
157 202    22378   732   713   724   831   781   779   818   734   799   724   718   720   679   713   766   876   846   840   830   721   685   711   717
161 202    28274   734   712   725   826   782   781   815   733   801   723   722   722   679   711   766   876   846   841   830   721   684   714   716
165 202    30935   734   713   724   828   780   781   819   733   801   722   721   721   680   709   765   876   845   841   829   721   681   714   718
169 202    35812   734   712   725   829   784   778   817   735   801   724   720   719   678   713   768   879   845   842   830   721   686   712   717
173 202    36318   737   710   725   829   782   779   816   735   800   724   722   720   677   713   767   877   845   840   828   721   686   712   719
177 202    31478   735   714   724   829   781   777   819   734   800   722   722   721   680   713   767   877   846   841   829   721   684   711   717
181 202    30123   734   713   722   829   783   780   818   735   800   723   722   722   679   710   766   878   845   841   829   721   682   713   722
185 202    20794   733   712   723   830   783   779   818   737   800   722   722   722   681   712   767   877   846   840   828   720   681   713   716
189 202    14367   731   712   724   831   782   778   816   734   801   722   721   720   678   712   767   876   846   838   827   720   684   712   715
193 202    11674   729   709   725   828   783   780   814   735   802   725   723   721   678   715   766   877   844   841   828   718   683   709   714
197 202    11563   733   712   724   828   782   778   817   736   800   723   720   721   679   710   766   877   846   840   829   718   682   714   712
201 202    10597   727   712   724   828   783   780   817   734   801   722   722   720   679   712   763   876   846   841   830   717   681   712   711
205 202    10761   729   712   724   829   782   778   818   733   800   721   722   720   681   712   767   876   845   838   828   717   684   714   713
209 202    10598   728   709   725   828   783   780   818   734   800   725   719   722   677   712   766   878   844   841   829   716   686   711   714
129 206     9499   725   712   724   829   783   780   817   731   801   722   721   721   679   711   765   873   846   841   829   719   682   713   715
133 206     7770   727   715   726   828   783   781   814   735   801   721   722   720   678   712   763   877   846   842   829   720   683   712   717
137 206     7811   726   712   726   829   782   779   818   732   801   725   721   718   680   712   768   875   845   838   831   720   686   713   714
141 206    11369   730   711   724   827   782   780   817   734   801   724   723   721   679   712   765   876   846   840   828   722   684   713   717
145 206    10271   729   707   725   829   783   779   815   734   801   722   721   721   675   712   767   876   845   841   830   722   685   713   718
149 206    14541   730   710   725   827   784   780   817   734   801   723   720   719   680   714   764   877   844   841   829   720   683   712   718
153 206    18237   731   712   725   828   782   779   818   737   802   724   719   722   679   712   766   877   844   841   827   721   685   710   717
157 206    24088   732   712   724   828   783   777   818   735   800   725   722   721   679   711   766   877   844   839   829   718   684   713   715
161 206    29743   734   711   724   828   784   778   818   732   801   726   722   721   678   712   766   876   845   838   828   720   686   714   715
165 206    34051   735   713   724   827   783   779   818   735   798   724   720   722   680   711   763   877   846   841   829   717   686   711   714
169 206    39050   735   713   723   830   782   781   818   734   803   723   720   720   680   712   767   877   844   841   829   717   684   712   711
173 206    42071   738   712   724   829   780   780   815   734   803   722   723   721   681   711   767   878   844   841   829   718   682   714   711
177 206    39393   737   714   723   827   781   780   817   734   800   723   722   721   680   711   765   876   845   840   829   718   682   714   715
181 206    34430   735   712   725   829   785   780   816   734   800   723   722   720   678   712   766   876   846   840   828   722   685   712   717
185 206    23305   732   711   724   829   784   777   817   736   801   723   722   720   678   714   767   878   845   841   827   720   685   710   717
189 206    17959   731   712   726   828   779   781   819   734   803   722   718   721   680   711   764   876   845   841   829   721   684   713   715
193 206    14887   730   713   725   827   783   781   816   734   801   723   722   722   678   712   765   877   844   840   829   720   684   714   718
197 206    13413   731   713   724   828   782   780   819   734   799   723   720   722   680   710   764   877   846   842   831   721   685   714   717
201 206     7289   728   712   721   830   783   779   818   735   801   723   721   720   679   711   769   879   846   841   829   721   682   715   717
205 206     9564   728   712   724   827   782   782   817   734   802   722   719   722   679   714   764   877   844   842   828   722   683   710   718
209 206    11361   729   712   724   828   782   778   818   736   802   725   717   722   679   710   766   879   844   842   830   721   685   711   716
129 210    17438   728   713   725   830   783   776   818   733   800   724   720   719   680   713   765   876   845   839   830   719   687   712   713
133 210    14573   729   712   722   830   783   778   818   734   798   725   721   719   679   711   767   878   845   841   829   718   685   713   711
137 210    10584   727   711   721   829   782   778   818   734   799   724   722   722   680   712   766   876   845   842   829   718   684   713   714
141 210    10388   729   708   728   828   782   781   815   734   800   724   722   721   677   711   766   877   843   840   827   721   683   711   716
145 210     8376   729   713   724   827   783   780   815   735   802   722   721   722   676   713   766   876   846   841   828   719   684   711   716
149 210    11633   729   712   723   828   779   779   817   735   799   724   722   721   679   710   766   877   845   844   829   719   686   714   716
153 210    10076   729   708   723   828   784   780   815   734   801   724   721   721   675   713   768   878   844   841   829   719   684   709   717
157 210     6438   729   710   724   826   783   779   816   732   801   723   721   721   679   713   763   875   845   841   831   719   684   714   715
161 210     8867   729   710   726   829   781   781   818   734   802   725   717   722   679   710   767   877   844   840   829   719   684   712   716
165 210     9880   729   710   726   826   785   781   814   736   802   723   722   721   678   711   764   879   845   841   829   720   685   713   717
169 210     8677   726   712   727   829   781   780   818   735   800   722   719   721   678   709   767   877   844   841   829   720   685   712   717
173 210    10806   725   712   720   831   784   778   820   733   800   723   721   720   678   712   764   877   846   842   831   721   686   713   716
177 210     8649   728   710   725   829   783   780   816   733   802   724   719   722   677   712   765   876   848   841   831   720   686   712   717
181 210    10093   728   712   725   827   782   780   817   733   801   722   721   721   681   712   766   875   846   839   830   720   682   714   717
185 210     9722   729   713   725   829   782   778   818   735   801   724   719   720   679   710   764   878   845   842   830   721   685   713   718
189 210     8106   727   712   724   828   782   778   817   734   802   723   721   720   678   713   764   877   845   841   828   720   684   713   716
193 210    11936   728   714   723   829   780   778   821   733   801   722   721   722   680   711   762   876   846   840   829   719   685   713   714
197 210     9497   728   713   725   829   781   781   816   734   800   724   719   723   679   710   767   877   845   843   830   719   686   712   713
201 210    12184   730   709   723   827   780   782   817   734   801   724   721   723   676   709   765   877   845   842   829   718   685   713   714
205 210     9484   727   710   724   827   782   780   818   734   802   722   719   721   679   712   764   877   844   841   830   719   683   710   713
209 210    10330   727   712   723   829   780   780   819   734   801   724   722   719   679   711   767   876   846   841   829   717   683   713   712
129 214    15202   729   711   723   829   781   782   818   735   801   723   720   719   680   709   764   877   844   842   829   718   683   712   714
133 214    14009   728   713   725   828   782   779   817   734   802   726   721   721   680   712   765   877   844   839   828   719   684   714   715
137 214    10332   728   711   724   828   785   779   818   732   801   725   721   718   678   712   769   876   845   839   828   720   685   711   715
141 214    10171   727   711   725   829   780   781   816   734   801   724   722   719   679   711   768   878   844   841   827   721   687   712   716
145 214    10981   730   709   723   829   783   781   817   735   802   724   721   722   679   710   766   877   845   842   827   720   685   710   716
149 214     7397   729   713   725   829   782   777   819   736   800   723   722   722   678   712   764   878   845   840   829   720   683   713   715
153 214     9065   730   708   725   828   784   781   816   735   800   723   721   723   676   712   766   877   846   842   829   720   685   713   718
157 214     7189   729   710   725   829   782   781   815   735   802   725   722   721   679   711   766   877   843   841   828   720   685   711   717
161 214    10734   729   712   721   828   783   779   816   737   799   726   722   720   679   711   764   879   845   837   830   720   682   714   717
165 214     9400   730   713   724   828   781   779   817   735   799   724   721   722   680   710   765   877   845   841   828   720   685   715   717
169 214     7633   728   710   726   829   783   779   817   734   805   725   721   721   677   709   766   876   843   841   829   717   685   712   714
173 214    10704   730   712   721   829   782   778   818   736   798   724   720   723   681   710   766   879   845   842   829   717   683   713   715
177 214    10614   727   712   725   828   782   779   818   734   801   723   721   720   679   712   766   876   845   840   830   716   683   714   710
181 214    11964   730   712   724   828   782   780   815   734   800   723   722   722   676   712   765   877   849   841   827   716   685   711   712
185 214     9166   729   712   724   829   783   780   817   734   801   724   719   722   677   710   767   876   845   842   829   716   685   710   711
189 214     9416   730   710   726   830   780   781   818   734   801   724   721   724   678   712   766   878   844   842   830   714   685   714   713
193 214    10972   731   711   725   826   782   780   815   734   800   722   722   722   680   712   767   878   847   841   828   717   682   710   712
197 214     9438   730   711   721   829   780   780   818   735   800   725   720   722   680   711   766   877   844   843   829   716   685   715   713
201 214     9701   730   712   724   827   784   780   817   734   799   723   722   721   677   712   763   877   846   842   827   716   685   712   713
205 214     8662   728   711   724   828   781   777   817   734   800   725   721   721   679   711   766   878   843   840   829   720   685   712   715
209 214    12615   730   712   725   829   780   780   817   735   799   724   720   722   680   710   766   879   844   840   829   721   686   713   716
129 218    13293   730   711   726   828   780   780   816   734   802   722   723   721   679   712   766   877   844   841   826   719   684   711   713
133 218     9325   729   712   725   827   782   780   818   733   800   724   722   720   681   711   766   875   846   841   829   716   682   714   711
137 218    11034   729   712   725   828   781   780   817   734   802   721   722   721   680   711   764   877   844   841   829   716   685   710   712
141 218    12066   728   714   726   829   783   780   817   734   801   721   719   718   678   712   766   878   845   842   830   716   685   711   712
145 218     8737   728   712   725   829   783   780   816   733   801   722   720   721   680   711   767   875   846   840   829   717   684   712   712
149 218    10067   729   712   722   829   783   780   818   732   798   725   722   721   680   711   767   876   844   840   828   717   686   711   713
153 218    10595   729   712   723   829   780   781   818   735   800   724   720   720   680   712   767   878   847   841   829   719   685   712   716
157 218    10435   729   713   725   829   781   780   818   732   803   723   720   722   678   711   766   877   845   842   830   722   685   712   716
161 218    11013   730   713   723   827   783   782   818   733   801   725   721   722   681   710   765   876   841   840   829   722   684   713   718
165 218    11124   729   709   725   827   783   778   819   733   799   725   721   720   676   712   765   878   845   840   832   721   686   713   719
169 218    10776   731   711   725   827   783   780   817   734   799   723   721   724   678   709   765   876   846   840   829   719   684   713   713
173 218    11153   729   713   723   829   783   782   817   736   803   723   722   720   678   710   766   877   844   843   829   718   683   713   712
177 218    10927   728   712   724   828   783   780   818   735   799   725   720   722   678   710   767   878   845   842   828   715   684   713   711
181 218    10846   731   711   722   829   782   778   818   736   800   725   720   723   678   710   767   876   846   839   829   714   685   715   715
185 218    11613   730   713   724   829   782   779   818   735   799   723   720   721   681   710   766   878   846   841   829   716   683   712   711
189 218    11175   730   712   722   827   783   777   816   734   801   723   722   723   678   711   766   876   844   840   829   715   682   713   713
193 218     8172   729   711   726   831   784   780   818   735   801   725   719   720   678   713   767   877   846   839   830   717   685   711   713
197 218    10970   728   710   722   829   781   780   817   736   801   723   721   722   675   710   766   878   844   841   829   718   686   711   713
201 218     8006   728   712   724   829   783   779   819   736   799   723   721   720   679   712   767   878   848   840   828   720   684   714   716
205 218     9876   728   713   724   828   783   778   819   734   802   722   722   722   679   711   765   876   845   842   827   720   683   713   717
209 218     8823   728   712   723   831   783   779   818   733   800   725   722   719   679   712   768   877   845   841   828   722   685   712   717
129 222    15367   729   712   723   831   782   776   818   735   800   724   722   720   680   712   766   877   846   841   829   716   684   713   712
133 222    11141   728   713   724   827   783   780   815   734   801   723   720   721   678   712   766   876   844   841   829   715   684   712   713
137 222    11814   730   711   725   827   783   780   815   734   801   724   720   720   679   714   766   877   845   842   829   716   685   711   712
141 222     8705   728   713   725   826   783   780   817   733   801   722   721   721   681   713   764   877   845   841   830   717   683   711   713
145 222     8706   730   711   725   829   783   781   817   734   802   725   719   721   678   709   766   877   844   841   830   718   685   712   714
149 222    10557   730   711   723   831   783   776   818   736   800   724   721   720   680   712   768   876   845   840   830   719   685   714   715
153 222     6921   727   709   725   827   783   780   814   734   801   724   723   722   679   711   767   878   845   841   827   721   685   713   717
157 222     8947   728   709   725   831   783   781   817   734   802   724   720   721   675   710   765   877   841   841   828   722   685   712   717
161 222     9764   730   712   724   830   780   778   818   734   799   724   722   724   680   710   766   877   845   842   829   720   685   713   716
165 222     9417   728   712   725   828   785   780   818   734   802   724   723   722   676   712   767   877   847   841   827   718   685   713   713
169 222    11578   729   712   723   828   779   778   818   734   798   725   722   717   679   711   770   877   844   841   829   717   686   714   710
173 222     8899   730   711   725   827   783   779   814   735   800   722   722   721   678   712   766   878   846   840   829   717   683   710   712
177 222    10742   729   712   723   830   784   782   818   734   800   724   721   720   679   709   767   876   845   842   829   717   685   714   712
181 222     9894   729   713   724   828   783   780   815   734   801   721   721   722   680   712   766   877   846   841   827   716   679   712   711
185 222    11436   729   713   725   829   777   781   818   734   801   724   718   721   680   711   765   875   844   843   829   717   686   711   711
189 222    11246   730   711   725   829   784   779   816   736   801   722   722   722   677   712   766   878   845   841   827   717   685   713   714
193 222    10701   727   712   724   828   782   778   818   734   801   724   721   720   680   712   768   877   841   837   829   716   685   714   717
197 222     9973   726   713   722   831   783   778   818   732   801   726   721   721   680   712   766   876   845   840   829   717   685   712   713
201 222     8770   728   711   725   826   783   780   813   732   802   724   720   722   677   711   765   875   847   841   829   720   685   715   716
205 222    11637   730   713   725   828   781   781   818   734   800   724   720   723   679   710   766   877   844   842   831   719   685   714   716
209 222     8838   728   711   725   829   780   781   818   735   800   724   718   722   678   707   766   877   845   840   829   719   685   713   717
129 226    12691   731   713   724   827   782   778   817   733   800   724   722   721   677   712   764   876   847   840   829   716   682   713   711
133 226    10162   727   712   724   829   783   778   817   735   802   725   718   721   679   709   767   877   845   840   828   718   685   713   713
137 226    12617   729   713   725   827   784   780   815   733   800   724   722   721   678   712   766   876   846   840   828   716   684   714   713
141 226     8435   730   712   722   828   781   780   818   734   798   725   721   721   678   712   767   877   845   841   829   717   684   711   715
145 226    11517   730   710   724   829   782   779   817   734   800   724   720   720   680   710   767   877   844   842   830   719   685   714   716
149 226     6786   729   712   724   828   783   780   818   734   800   725   720   721   681   711   764   877   847   841   830   721   682   715   717
153 226     9741   729   714   723   829   782   777   818   736   802   722   720   722   681   710   765   878   846   842   830   722   684   712   719
157 226     8750   728   712   724   827   783   779   818   734   801   724   720   721   679   712   767   876   846   841   826   720   684   714   716
161 226    10132   729   712   725   826   783   779   818   733   801   725   721   722   679   712   762   878   845   839   829   718   685   712   714
165 226     8682   728   712   726   830   780   780   818   733   800   724   720   721   679   711   766   877   845   842   830   717   685   714   713
169 226     9442   729   709   722   829   782   781   817   734   800   724   724   720   677   709   768   876   845   843   829   717   685   713   710
173 226    10447   728   712   724   830   781   780   817   734   801   724   722   720   680   711   768   877   845   842   825   716   685   713   712
177 226    15032   731   711   724   830   782   780   817   734   799   725   721   723   678   711   766   876   845   841   829   716   685   712   713
181 226    11229   729   713   722   827   782   780   816   735   800   722   721   723   679   711   765   876   846   842   830   720   683   713   716
185 226    11106   728   712   725   827   780   780   818   735   800   724   721   723   680   711   765   877   847   840   829   721   683   712   716
189 226    10084   728   711   725   828   783   781   818   734   796   724   721   726   676   712   764   877   847   841   829   717   686   714   717
193 226     7890   726   711   725   829   782   780   817   734   799   725   721   719   677   710   768   877   847   840   829   720   684   711   711
197 226    11366   730   712   726   827   783   781   819   734   800   725   720   722   678   710   764   878   845   842   830   716   685   714   713
201 226     9199   729   713   722   830   781   779   817   734   804   721   722   721   679   711   766   875   844   845   828   718   682   712   712
205 226     7889   730   712   723   829   782   779   817   735   799   722   721   722   679   711   766   878   846   839   828   717   685   714   714
209 226     7714   728   712   726   828   782   779   818   735   799   726   716   721   680   712   766   876   845   840   829   720   686   709   713
129 230    11083   729   712   725   827   781   780   820   733   800   723   721   721   679   713   763   876   846   842   829   717   684   714   712
133 230    13976   730   713   724   828   781   777   817   735   802   725   719   722   680   713   765   877   844   839   827   716   685   712   715
137 230    10634   728   712   726   828   783   780   816   733   802   723   720   721   678   712   767   876   846   843   828   720   685   712   715
141 230     8687   729   711   725   829   782   781   816   735   802   724   721   721   679   711   767   878   845   841   828   722   685   713   717
145 230    10488   729   713   724   830   783   778   816   733   801   724   721   721   680   713   765   875   845   840   830   720   683   714   717
149 230     9689   729   712   725   827   782   779   817   734   801   722   723   720   679   712   766   877   844   841   827   718   685   713   712
153 230     9803   727   713   723   829   782   780   820   735   801   724   722   720   681   711   764   877   848   841   829   717   683   714   712
157 230     9750   729   712   724   828   783   780   817   734   801   725   720   721   677   710   765   876   846   839   829   717   685   711   714
161 230    10881   727   713   725   829   783   779   818   734   800   724   721   721   680   710   768   878   846   841   829   720   685   713   716
165 230    12545   731   711   723   829   782   780   819   736   799   723   720   723   679   709   766   877   846   842   830   720   684   712   719
169 230     8356   728   712   725   829   781   780   818   733   800   723   722   721   678   712   765   877   846   841   832   720   684   716   716
173 230    11284   729   710   723   827   781   780   817   734   801   723   722   722   678   712   765   877   846   842   828   722   685   714   716
177 230    11224   728   711   725   827   783   780   816   734   801   721   722   720   681   712   765   877   844   841   830   718   684   712   715
181 230     9151   728   713   724   828   782   779   818   735   799   723   722   721   679   709   766   877   846   840   828   717   685   712   713
185 230    10230   726   711   724   830   783   778   819   733   800   723   721   719   681   712   766   877   845   840   831   717   683   714   710
189 230     6829   729   712   724   827   784   780   817   735   801   724   719   721   678   712   765   877   847   841   828   717   684   711   712
193 230     9431   729   711   723   828   779   777   818   730   799   725   722   719   679   712   766   874   846   841   830   720   686   713   716
197 230    11875   732   712   724   831   783   781   816   735   799   723   720   721   680   711   766   879   846   840   829   720   684   714   717
201 230     9961   729   713   723   829   780   778   818   732   800   724   721   720   680   712   767   873   846   841   830   721   684   714   716
205 230     8322   727   712   725   829   783   778   818   734   800   727   719   720   679   712   766   879   846   839   831   721   685   714   719
209 230    11883   729   712   725   828   783   778   817   733   801   724   720   720   679   714   763   874   847   838   830   719   684   711   714
129 234    12017   730   709   724   829   780   781   818   735   801   725   717   721   678   712   766   877   845   841   831   721   685   710   717
133 234    10577   727   713   725   829   783   781   818   735   802   723   719   720   679   709   766   877   847   841   828   722   684   713   718
137 234    10414   728   714   725   827   782   781   816   734   800   721   721   720   680   711   764   876   845   842   829   722   681   715   718
141 234    10960   731   712   724   828   783   780   817   734   798   725   720   722   679   710   766   878   846   841   830   719   685   712   716
145 234     9327   729   710   724   825   783   780   813   733   802   723   721   721   677   711   765   874   845   841   827   717   685   711   713
149 234    10508   728   712   724   827   782   781   816   734   800   722   723   721   677   712   766   877   846   841   827   716   683   713   713
153 234     8535   725   712   723   831   782   778   817   733   802   725   721   718   678   712   766   875   845   841   830   717   685   713   712
157 234     8363   726   712   725   830   782   780   820   731   802   725   721   720   681   712   765   875   847   838   830   718   682   714   712
161 234    10088   727   712   722   829   781   783   817   736   802   725   721   719   680   709   768   877   844   841   829   718   683   714   715
165 234    13128   728   714   725   826   783   779   818   733   801   722   721   721   681   711   764   877   846   841   829   721   683   714   715
169 234     9950   728   712   722   830   782   778   818   734   801   725   720   721   680   710   768   876   846   840   830   721   683   713   716
173 234     8647   729   710   725   829   784   781   814   734   801   723   721   721   677   710   766   877   844   841   827   719   685   713   718
177 234    10527   729   712   725   829   780   778   817   735   803   724   718   721   679   710   766   877   843   841   829   718   684   711   714
181 234     7764   728   712   725   826   782   779   819   733   801   726   721   720   680   712   764   874   847   839   829   718   682   714   714
185 234    10363   730   713   727   829   781   779   817   733   803   724   719   721   679   712   767   877   842   842   829   718   685   713   714
189 234     9622   728   714   724   826   782   779   815   731   802   723   721   721   682   711   764   874   846   842   831   717   682   714   710
193 234     9208   727   711   727   830   783   778   816   734   801   723   719   721   675   711   768   877   847   841   830   717   685   713   711
197 234     9134   729   713   725   829   781   781   816   736   801   725   721   718   680   714   765   877   846   841   829   715   684   711   711
201 234     7619   728   713   723   831   783   780   816   734   800   723   722   720   679   711   767   875   846   842   829   717   684   713   711
205 234    11410   730   712   723   829   783   779   819   734   799   726   718   721   679   710   766   876   844   839   829   715   687   713   712
209 234     7527   728   712   723   829   782   780   817   735   801   726   722   720   680   712   767   876   846   839   830   718   684   713   712
129 238    13431   730   712   725   827   784   780   817   733   801   723   720   721   681   713   765   876   845   842   830   718   683   711   712
133 238    12704   729   712   722   828   782   782   817   735   800   724   721   721   676   710   766   877   843   841   829   719   685   713   713
137 238    12280   729   712   725   829   779   780   817   733   801   725   721   721   679   712   767   876   845   841   827   722   685   713   715
141 238     9911   727   712   723   830   781   781   819   734   800   724   721   720   680   710   767   876   846   842   829   720   683   713   716
145 238    13059   728   712   724   830   780   778   818   733   800   725   721   719   680   712   763   876   846   839   829   717   684   714   712
149 238     8504   730   712   725   828   780   780   816   735   802   725   719   721   679   709   766   878   844   842   829   716   685   713   713
153 238     8510   728   710   724   829   783   779   817   735   800   724   720   721   680   711   767   876   843   841   829   716   686   712   712
157 238    11233   728   713   725   830   783   780   818   733   802   721   720   721   681   711   766   877   845   842   830   718   682   712   712
161 238     9760   731   709   725   830   783   779   819   735   800   724   720   721   678   710   767   877   846   842   830   720   687   713   718
165 238    11433   729   711   727   827   783   781   818   735   800   727   720   722   678   712   764   877   846   841   830   721   686   712   715
169 238     9570   727   712   725   828   783   780   817   734   799   723   721   723   679   712   764   877   846   839   829   718   684   710   716
173 238     6808   728   711   723   828   781   782   815   733   802   724   720   722   679   709   766   875   846   841   830   716   685   712   712
177 238     8310   730   711   724   828   781   780   816   734   800   724   721   723   678   710   766   877   846   841   828   716   685   713   714
181 238     7792   727   713   725   827   783   780   816   735   799   723   720   725   679   712   765   877   847   841   829   717   685   715   716
185 238     8416   729   713   725   828   780   780   818   734   801   723   720   722   682   710   767   877   844   842   828   721   684   712   717
189 238    10565   727   712   724   828   781   780   819   734   801   723   721   720   681   711   767   876   846   841   829   722   684   713   715
193 238    10332   728   711   726   832   783   779   818   732   801   724   720   718   678   710   768   877   846   840   831   719   684   713   711
197 238     9884   730   712   724   829   782   778   818   735   801   725   723   721   679   711   766   878   846   841   826   717   683   711   712
201 238    10225   732   712   724   830   782   779   816   735   799   724   720   722   677   711   766   878   846   840   828   715   685   713   712
205 238    11879   730   714   723   827   782   782   816   735   800   722   721   723   680   710   765   877   846   842   829   716   683   714   713
209 238    12683   730   712   725   829   781   781   817   733   801   721   720   722   681   711   765   876   844   841   831   718   684   712   715
129 242     9291   729   714   724   827   782   780   817   734   801   722   721   722   681   709   765   877   844   842   830   716   683   714   712
133 242     7524   727   712   722   829   780   780   817   734   802   724   720   722   679   711   767   877   844   843   829   719   684   714   714
137 242    10921   729   710   723   827   782   779   816   735   801   724   721   721   677   712   766   877   846   840   828   720   684   712   716
141 242    12877   729   712   725   830   783   780   816   735   801   724   721   721   677   713   768   877   846   838   829   722   686   712   716
145 242    10341   731   712   724   829   782   778   817   736   799   725   721   722   677   711   765   876   845   839   829   718   684   713   717
149 242     9066   729   711   724   829   782   778   817   735   801   725   721   721   678   711   766   877   844   841   829   717   685   712   712
153 242    10427   730   713   724   828   784   780   817   734   800   722   720   721   681   710   766   877   845   841   828   716   684   711   713
157 242     8540   729   712   725   828   782   780   819   732   800   723   722   720   679   710   766   876   844   841   830   717   684   713   711
161 242     6030   727   712   725   829   782   779   818   732   801   724   720   721   681   713   765   875   844   842   831   721   683   712   715
165 242    11498   727   710   724   829   783   777   816   734   801   723   721   720   678   712   766   876   847   839   831   721   686   714   717
169 242    11258   728   710   725   831   784   778   817   733   801   724   721   720   679   712   766   876   846   841   830   722   684   713   716
173 242     6369   727   710   723   830   784   779   816   734   802   726   721   721   678   712   768   875   846   839   830   719   685   715   714
177 242     7637   727   711   724   828   781   780   817   734   802   723   720   721   679   713   764   875   845   841   830   716   680   713   711
181 242    11604   730   712   722   829   783   780   816   735   802   725   722   723   678   713   767   879   847   842   828   715   686   711   713
185 242     8153   731   710   723   828   783   780   817   734   800   725   723   723   677   711   766   877   847   839   829   717   685   712   711
189 242     7465   728   712   724   829   780   781   817   732   800   722   720   721   680   711   766   876   845   840   829   719   682   713   718
193 242     9637   729   710   723   830   782   778   818   733   801   724   722   721   679   713   766   878   844   841   830   720   685   713   717
197 242    13580   731   710   724   830   784   780   818   734   800   725   720   720   677   714   766   877   844   840   828   722   685   712   717
201 242     9060   730   713   726   829   781   779   818   734   803   724   719   721   677   710   766   875   844   841   829   719   686   712   714
205 242     8317   728   714   725   827   783   780   817   733   801   723   722   721   679   711   765   875   845   841   832   719   685   713   711
209 242     8610   729   713   723   828   781   780   819   736   798   724   720   722   679   709   764   877   845   842   829   717   685   713   712
129 246    11696   729   710   723   828   783   780   816   735   799   724   724   720   677   712   766   877   845   842   827   716   684   710   714
133 246    10903   728   711   724   828   782   780   817   731   801   724   722   722   677   712   765   875   845   841   829   714   685   712   710
137 246    12122   729   713   725   829   783   781   818   733   802   723   722   721   680   713   765   876   845   840   830   716   685   714   710
141 246    10212   730   711   725   826   781   779   819   734   801   725   722   721   679   711   764   877   846   841   828   717   684   714   713
145 246     6279   729   714   725   828   783   780   816   734   802   723   719   722   680   711   766   876   843   841   829   719   684   714   713
149 246     7497   728   709   722   829   783   780   817   733   801   724   720   721   677   710   766   875   845   842   829   721   684   711   715
153 246     9229   728   711   725   829   781   778   818   734   802   724   720   722   679   710   767   875   846   842   830   721   685   714   717
157 246     9602   728   710   723   827   783   780   819   734   799   722   722   721   681   712   765   879   846   842   830   720   684   713   717
161 246    12717   730   712   722   829   783   781   818   734   800   725   721   721   679   711   766   877   846   841   830   718   686   713   713
165 246     8078   727   712   723   828   780   779   817   734   801   725   719   721   680   707   767   876   846   841   829   716   685   714   711
169 246    10636   727   712   722   830   783   781   818   735   802   722   722   719   679   712   768   876   845   842   830   718   683   712   713
173 246    10388   728   712   725   829   782   780   817   732   801   722   722   720   681   711   765   875   847   841   830   718   683   712   712
177 246    14052   729   710   725   829   782   782   815   734   802   724   721   721   676   710   767   876   848   840   829   719   684   711   716
181 246    10455   729   714   724   830   780   779   817   732   800   723   721   720   679   711   766   875   845   841   830   720   683   713   718
185 246    10215   727   710   726   828   783   781   817   734   801   722   720   721   677   710   765   876   847   841   828   721   684   713   717
189 246    11054   729   711   724   828   782   780   816   735   801   723   722   722   678   712   766   877   846   842   828   716   685   711   713
193 246    12118   728   712   723   831   781   779   817   734   799   724   719   719   679   710   767   877   843   841   829   717   684   714   712
197 246     7271   728   712   721   828   780   778   819   734   801   723   720   720   679   712   765   877   844   842   828   718   685   712   717
201 246    13198   730   712   723   825   783   778   817   735   800   723   722   720   680   711   764   878   845   840   830   722   684   713   717
205 246     9100   728   714   725   829   782   778   816   733   802   723   721   719   678   713   767   876   846   840   828   720   684   713   715
209 246    12097   729   713   723   829   783   779   817   734   801   724   721   720   680   712   767   876   845   840   831   719   685   714   714
129 250     9618   727   710   724   827   783   780   819   733   801   723   721   722   678   712   765   877   846   840   828   721   684   714   717
133 250    12098   728   713   725   830   780   779   817   733   800   724   720   720   680   709   767   876   846   841   830   719   685   714   715
137 250    10400   731   712   724   830   782   779   818   735   799   724   722   723   680   712   766   879   845   839   832   717   683   713   714
141 250    10236   729   713   725   827   780   780   816   734   800   723   719   722   677   711   764   878   847   841   829   719   685   715   716
145 250     9988   727   713   723   830   782   781   818   734   801   722   720   719   679   712   766   876   846   842   829   718   683   709   713
149 250     9507   727   711   725   829   783   778   816   734   800   723   721   719   678   712   767   877   845   841   830   717   686   714   711
153 250     7845   729   711   724   829   781   778   817   734   802   724   723   723   680   713   767   877   844   842   827   717   684   712   714
157 250     9656   730   710   722   829   781   778   817   734   800   722   721   724   679   713   767   877   844   842   830   721   685   711   717
161 250     8884   728   712   725   829   780   780   819   734   802   722   721   722   679   712   765   877   845   840   829   723   685   712   717
165 250    10489   729   710   723   828   786   780   817   735   800   724   721   721   678   709   766   877   845   841   827   718   685   710   714
169 250    11404   731   712   722   828   781   779   818   734   801   724   721   721   680   713   765   879   844   841   829   717   685   711   715
173 250    11670   728   712   722   827   783   779   818   734   801   722   721   720   679   711   765   877   847   841   830   718   683   712   711
177 250    10931   729   713   725   828   782   780   818   733   802   722   720   721   681   712   765   877   844   841   830   720   681   711   714
181 250    10586   730   713   726   830   782   780   817   732   802   724   721   719   679   708   767   876   844   839   829   719   686   713   715
185 250    11874   729   711   723   826   781   780   817   734   800   723   720   722   679   712   764   876   848   841   829   721   685   714   717
189 250     8017   729   711   724   828   784   781   816   736   800   724   722   722   678   710   766   878   846   840   827   721   685   713   717
193 250    10887   729   713   723   826   782   778   817   736   800   723   721   720   679   711   764   877   845   840   829   718   686   713   715
197 250    10432   729   714   723   827   781   780   816   734   801   720   719   722   679   710   765   877   846   841   828   717   683   713   712
201 250    10189   730   712   725   829   780   778   818   734   802   724   719   722   680   711   765   876   845   842   830   716   684   714   714
205 250    10078   729   712   725   828   782   780   815   734   803   723   721   721   678   712   766   878   846   842   828   721   684   714   716
209 250    10468   729   713   723   829   783   779   818   734   799   723   722   722   679   712   765   876   845   843   831   720   683   713   718
