! Map center:  169,210
129 170     9125   729   712   723   828   781   775   815   732   801   723   720   720   678   711   764   876   842   838   827   718   685   712   714
133 170    11730   728   708   722   827   782   780   818   732   801   723   721   719   677   709   764   875   845   840   829   722   685   713   716
137 170     8759   728   712   722   826   780   778   817   734   802   723   718   720   678   707   764   875   843   840   825   720   684   713   715
141 170    12311   728   713   722   826   782   779   817   733   800   722   720   719   677   709   765   875   845   838   827   717   683   713   710
145 170    12407   729   712   722   828   782   778   816   734   798   721   720   721   679   707   765   875   846   840   826   716   684   713   712
149 170     8494   727   711   722   827   780   780   814   733   801   720   720   720   679   708   765   877   842   839   827   720   680   714   716
153 170     9620   726   710   722   826   782   778   819   733   800   722   721   719   677   709   763   876   844   841   826   721   684   713   717
157 170     9690   731   712   724   828   782   777   815   733   798   720   720   720   677   710   765   875   844   838   826   718   683   714   714
161 170    11605   727   711   721   827   781   778   816   732   800   723   720   718   677   710   767   875   845   840   828   715   684   713   709
165 170    11720   728   712   723   827   780   777   814   734   801   724   720   721   679   710   764   877   843   838   827   718   685   712   714
169 170    10232   729   710   723   827   781   777   815   732   800   723   720   720   678   712   764   875   843   841   828   722   686   712   716
173 170    12670   728   712   723   827   782   779   815   733   798   723   719   720   678   711   764   872   844   839   828   720   683   711   714
177 170    10016   727   709   723   828   781   777   814   733   800   723   720   721   677   710   765   876   844   838   826   714   684   712   711
181 170     7760   728   711   723   826   782   777   816   733   800   724   722   721   675   711   763   876   845   839   827   717   685   712   712
185 170     9286   728   710   722   828   781   779   815   735   799   723   721   721   680   710   764   877   844   840   828   719   683   713   716
189 170     6943   724   712   723   827   782   778   817   733   798   719   719   719   679   711   766   876   846   840   828   719   683   710   714
193 170    12851   728   712   722   825   778   776   817   733   801   723   720   719   679   711   763   876   842   837   827   715   684   712   712
197 170    16579   728   712   723   827   781   781   816   734   799   722   722   718   678   708   765   876   843   841   826   718   683   713   713
201 170     6925   727   712   723   827   782   778   817   734   798   725   719   721   679   711   763   876   842   839   826   721   686   712   716
205 170    10929   728   712   720   828   780   779   818   732   801   722   721   719   679   708   764   875   842   838   827   722   686   713   715
209 170     9486   726   712   722   826   782   778   815   733   799   723   721   720   678   710   764   874   846   839   828   716   682   713   712
129 174     9176   728   712   722   827   783   776   814   734   799   725   720   719   679   711   765   877   844   839   828   716   686   713   710
133 174     8603   727   709   723   826   781   778   814   732   800   724   721   719   676   711   765   875   847   841   828   718   684   713   711
137 174     7854   727   709   724   827   783   777   817   733   801   722   718   720   676   709   763   876   845   838   829   720   684   712   717
141 174     9702   729   711   724   828   781   778   815   732   800   724   720   719   678   711   765   876   844   838   827   720   686   714   715
145 174    13481   731   711   721   827   783   779   817   732   798   724   721   721   676   709   765   874   845   841   828   716   685   711   711
149 174     9322   728   711   724   828   781   780   818   733   801   721   718   718   677   711   765   876   845   840   828   716   682   713   714
153 174     7947   728   711   722   827   782   778   815   735   801   723   718   719   677   710   764   875   842   839   828   721   685   713   717
157 174     9116   727   712   722   827   779   777   817   731   802   723   719   721   678   709   766   874   843   839   828   718   683   712   715
161 174    10601   727   712   722   827   781   779   817   735   800   722   717   720   682   712   766   875   844   840   827   717   683   709   711
165 174    11198   729   709   723   826   782   778   815   732   800   723   721   721   677   711   764   875   844   839   829   716   684   713   713
169 174    11233   730   713   724   828   782   777   816   733   797   723   720   721   677   711   766   875   843   840   825   718   685   713   714
173 174    11098   728   712   723   826   781   777   815   734   799   724   721   720   679   711   764   876   845   839   829   721   685   713   716
177 174     6591   726   710   724   828   781   777   815   734   799   723   720   719   679   711   765   876   844   839   828   718   683   712   712
181 174     8860   727   711   724   828   782   779   815   734   799   721   721   720   680   711   766   876   846   839   828   715   683   711   710
185 174    11000   729   710   723   828   781   778   817   733   799   721   720   722   677   711   766   875   845   840   828   716   683   711   712
189 174     8964   728   712   724   828   780   779   815   734   800   721   720   720   678   711   766   876   844   839   827   719   684   712   716
193 174    11112   728   712   724   828   781   778   816   735   796   723   719   720   679   712   766   875   845   839   827   718   684   711   715
197 174     9723   728   711   719   827   779   779   816   733   801   722   720   721   681   707   765   875   843   840   829   721   683   713   718
201 174     9461   727   712   725   828   781   779   816   733   801   722   720   719   678   710   766   876   843   840   827   718   682   710   715
205 174     8472   727   712   724   826   781   778   817   734   797   723   720   719   678   711   764   875   844   841   827   715   684   713   709
209 174    10246   727   712   724   826   780   776   816   733   801   723   719   720   679   711   764   877   844   839   829   718   685   712   715
129 178    10290   730   713   724   827   781   777   818   734   802   723   722   720   679   711   765   876   841   839   823   722   685   713   717
133 178    10008   727   710   723   826   781   778   816   733   800   722   720   720   676   711   763   877   843   841   827   718   684   713   715
137 178     9537   728   712   724   827   780   778   816   732   801   722   717   721   679   711   766   874   844   840   827   718   684   711   710
141 178     8167   727   710   725   828   780   777   816   733   801   724   718   719   677   711   765   875   844   840   829   717   685   713   711
145 178    10039   728   710   723   826   782   780   814   732   799   723   721   720   677   710   765   875   844   838   828   720   684   713   715
149 178    11702   728   713   721   826   779   778   817   731   798   723   720   721   679   708   766   874   845   840   827   721   684   712   715
153 178    10764   726   712   724   827   782   778   816   733   801   724   719   718   679   710   765   874   845   838   828   718   684   712   713
157 178    11978   727   709   724   828   782   779   816   735   800   722   720   720   678   711   765   877   845   839   829   716   683   713   712
161 178     6807   725   711   723   827   782   779   816   735   800   721   722   720   679   711   766   878   844   840   826   714   682   712   709
165 178    10460   726   708   722   827   781   778   817   734   799   724   720   720   678   708   766   876   843   841   828   716   684   712   711
169 178    12797   729   713   721   828   781   779   816   733   800   721   720   720   677   711   766   875   843   839   829   718   683   713   711
173 178     7046   727   711   722   827   782   780   816   730   798   722   720   722   680   707   766   874   844   840   827   718   683   713   716
177 178     7290   727   712   720   827   782   780   816   734   799   722   719   721   678   709   764   877   844   840   828   720   683   712   717
181 178    12049   728   710   723   828   781   778   816   733   801   723   720   719   677   708   766   876   845   839   828   720   684   713   715
185 178    13458   725   709   724   827   780   779   816   736   800   721   721   719   681   710   764   875   844   840   829   719   682   712   717
189 178    11696   727   710   723   824   780   777   816   733   801   723   720   720   678   711   764   875   844   839   828   718   683   713   713
193 178     8351   728   711   723   828   781   778   815   735   798   722   721   721   678   711   766   875   842   841   826   716   682   712   711
197 178    12240   728   711   723   829   781   778   815   732   799   723   721   721   677   710   766   874   844   839   826   716   684   713   713
201 178    11977   727   711   722   827   782   775   816   734   800   724   722   719   676   711   765   876   844   840   826   719   684   713   713
205 178     6658   726   711   722   828   781   778   817   735   799   722   721   719   678   711   765   876   845   841   828   720   682   712   715
209 178    12830   731   712   724   828   780   778   815   734   799   722   718   720   678   709   765   878   844   840   826   719   684   711   717
129 182     8677   727   713   725   826   782   779   815   734   798   722   720   721   679   711   764   877   845   840   829   722   682   711   718
133 182    10019   728   710   722   826   780   777   816   734   801   723   719   720   677   712   763   875   842   840   827   716   685   712   713
137 182    10881   727   710   722   826   782   778   817   734   799   722   721   721   678   709   764   876   846   841   827   717   683   713   711
141 182     9367   728   712   724   827   780   780   815   733   799   722   721   722   678   710   765   874   844   840   827   717   682   711   714
145 182    11852   728   712   723   827   782   776   814   733   802   724   721   719   679   711   764   874   844   838   829   720   686   712   716
149 182     7941   726   715   726   829   781   779   816   737   800   723   718   720   680   709   766   877   846   840   828   720   681   711   716
153 182    10276   728   711   723   824   780   778   819   734   800   724   721   721   678   709   763   876   844   841   829   717   685   713   711
157 182     9997   730   712   724   828   779   778   814   734   796   722   721   721   678   711   765   876   844   838   828   715   684   713   710
161 182    10885   729   710   722   827   783   780   816   731   799   724   721   724   678   711   765   875   845   842   829   718   684   711   713
165 182    11048   728   711   724   826   782   777   817   734   800   722   719   720   679   712   765   875   846   841   828   721   684   711   717
169 182    11069   729   708   725   827   781   779   815   732   798   722   719   721   676   712   765   875   844   839   827   718   685   713   714
173 182     8418   728   710   722   827   783   778   816   733   800   724   720   722   676   710   764   875   844   841   826   715   685   713   711
177 182    10387   727   711   724   830   782   776   816   734   800   723   720   717   677   712   767   876   844   839   828   716   685   713   711
181 182     7939   730   711   720   828   782   781   815   734   798   723   720   722   678   707   764   876   845   841   830   718   685   713   716
185 182    10540   726   710   722   828   782   779   817   734   801   723   720   719   677   710   763   877   843   840   828   721   682   713   717
189 182    10751   726   713   724   829   782   778   817   734   801   722   720   718   679   711   765   876   845   840   827   719   681   712   715
193 182    10585   729   710   723   828   779   777   814   734   798   724   721   720   678   711   766   876   842   838   828   716   684   713   711
197 182     9633   728   712   723   826   780   779   815   735   801   725   719   720   678   711   764   879   843   838   828   717   684   711   710
201 182     9957   728   712   722   828   781   779   817   734   800   724   720   721   679   711   764   876   845   839   828   718   686   712   714
205 182     8737   727   712   723   828   782   777   815   734   800   723   721   722   678   711   764   876   844   839   827   720   682   711   717
209 182     7109   727   711   721   825   778   780   815   732   800   723   720   720   677   709   764   874   844   840   829   719   685   713   715
129 186    10025   728   710   722   828   781   780   816   734   799   724   721   719   678   710   764   876   843   841   828   722   684   713   714
133 186     9931   728   710   722   827   782   777   814   732   800   722   721   720   678   711   765   875   845   840   826   720   686   712   716
137 186    14071   729   711   725   827   782   777   815   732   802   723   720   721   678   711   764   877   843   839   828   716   682   713   711
141 186    10608   727   712   721   828   781   780   814   732   803   723   720   719   678   708   766   874   841   841   828   719   684   713   711
145 186     8188   726   711   723   828   781   776   816   735   800   722   720   719   681   708   764   876   845   840   827   719   683   712   715
149 186    11348   728   710   722   825   780   778   818   733   800   723   721   722   677   710   761   875   845   842   829   720   684   714   716
153 186    10757   728   708   722   828   781   776   816   732   800   724   720   719   676   711   766   874   845   840   827   721   685   712   715
157 186    11462   726   712   722   829   781   779   816   733   800   724   718   717   680   708   767   874   844   839   829   718   684   712   712
161 186     9709   728   709   723   827   781   776   817   732   799   725   720   721   677   710   764   876   844   838   828   716   686   712   711
165 186     9506   727   709   723   829   781   779   817   733   798   724   720   720   677   709   765   875   845   840   827   716   684   712   712
169 186    11169   730   713   723   826   779   777   816   735   801   722   717   721   681   711   763   878   843   838   829   719   683   712   715
173 186     7312   726   710   721   828   782   778   816   733   801   722   719   719   679   711   766   873   845   840   830   718   682   712   714
177 186     9167   727   712   722   829   781   779   816   736   800   721   720   720   680   707   767   875   845   840   826   720   682   712   717
181 186    11120   725   712   722   829   782   779   816   732   801   724   719   718   679   708   767   875   845   839   828   720   684   712   716
185 186    10506   729   711   724   827   781   779   813   734   797   720   720   722   678   711   765   876   844   840   829   716   682   711   713
189 186    13038   728   710   722   827   781   780   816   731   801   723   720   721   675   707   766   872   844   842   828   716   684   713   710
193 186     9659   727   710   722   828   783   779   817   732   800   722   718   719   677   711   766   875   845   839   828   717   683   710   711
197 186    11182   729   708   724   827   781   778   813   734   799   725   721   720   679   711   764   876   842   839   827   720   685   713   715
201 186    13036   727   712   725   827   781   779   816   735   802   723   718   719   679   711   764   876   842   840   828   721   684   712   717
205 186     9395   728   710   721   827   781   779   816   733   798   722   720   720   678   707   765   875   846   841   827   718   683   711   714
209 186    10393   729   712   725   828   782   778   816   734   799   722   719   721   679   711   766   877   845   840   827   716   684   710   711
129 190    10929   728   711   722   828   781   781   817   732   800   723   719   721   678   708   766   874   845   840   828   715   684   712   711
133 190    11608   729   712   723   827   782   779   817   734   799   720   720   721   678   709   765   876   845   841   831   717   681   713   713
137 190     7359   726   711   722   828   780   778   818   732   802   724   721   718   680   710   763   875   842   839   828   719   684   712   714
141 190     8634   729   711   723   828   780   776   815   733   799   725   720   722   677   710   766   874   845   839   828   721   685   713   715
145 190    10071   728   712   724   830   783   778   817   734   801   723   720   720   677   710   766   876   846   840   827   718   685   711   716
149 190    11477   729   712   722   827   779   778   816   733   800   721   720   721   679   711   764   875   843   838   828   718   684   714   712
153 190    10739   729   711   722   826   778   778   818   732   801   724   720   722   677   711   765   875   844   837   827   717   683   713   711
157 190     7516   722   711   723   827   781   781   815   734   800   723   721   718   678   705   766   877   843   840   829   719   684   713   714
161 190    10456   728   711   722   828   781   778   817   731   801   724   719   721   678   709   766   873   843   840   828   720   684   713   716
165 190    11488   728   709   724   825   780   780   817   734   800   722   719   720   675   711   765   875   845   839   828   719   684   713   716
169 190    10373   730   711   724   827   780   778   815   735   800   724   722   720   679   711   764   876   843   838   827   716   685   715   711
173 190    13488   729   712   721   829   783   778   817   733   801   722   721   720   677   711   767   874   844   840   828   716   682   712   711
177 190    11332   728   711   721   826   781   777   816   732   800   724   721   721   676   708   764   877   844   841   827   720   685   713   714
181 190    11208   728   708   724   827   781   780   816   733   800   723   722   720   677   711   766   875   845   838   825   719   685   714   714
185 190     8582   726   710   724   828   781   778   817   733   802   723   719   719   678   712   764   874   843   840   828   719   684   710   715
189 190    11183   728   709   723   827   781   778   819   734   799   723   720   721   680   710   764   876   844   840   829   716   682   713   710
193 190     8959   727   711   721   827   782   780   816   733   799   723   717   723   680   708   766   876   845   839   827   716   684   713   713
197 190    13964   730   712   722   829   782   775   817   732   800   724   720   719   678   710   766   875   842   838   828   718   685   711   713
201 190     8409   727   711   722   828   782   778   817   735   799   722   718   721   679   710   766   876   845   841   827   720   683   711   716
205 190     7666   728   711   724   826   778   778   816   733   802   725   720   720   680   710   764   877   843   837   828   719   684   713   712
209 190     7928   727   712   722   826   780   780   818   733   800   723   719   719   678   710   764   875   841   841   828   716   685   712   711
129 194    12504   728   709   722   827   782   779   817   732   798   724   720   721   677   709   766   875   847   840   826   717   684   711   712
133 194    12623   729   711   721   828   781   779   816   733   798   722   719   722   678   708   766   876   845   839   827   720   684   711   716
137 194    12356   728   709   724   829   782   779   816   734   800   723   718   719   676   712   766   875   844   840   829   720   684   710   715
141 194    11096   729   711   723   827   782   777   816   734   800   722   720   721   679   710   764   876   843   840   827   717   685   712   713
145 194     7897   729   711   723   826   781   778   815   734   798   723   720   721   679   711   763   876   844   840   827   715   684   713   712
149 194    12354   728   711   722   829   781   777   816   735   801   723   720   719   678   710   765   876   843   839   829   717   684   713   712
153 194     9150   725   711   721   829   781   777   816   735   801   723   717   719   677   707   767   876   844   841   829   719   684   712   716
157 194    11897   727   713   723   826   781   778   816   732   801   722   720   721   678   710   765   876   844   840   828   720   683   712   716
161 194    11052   728   711   723   828   780   777   815   735   800   722   719   720   677   711   766   875   844   841   827   720   684   713   716
165 194    12571   729   712   724   828   781   778   815   734   799   722   721   719   678   711   766   876   843   838   827   718   685   713   713
169 194    11083   727   712   721   826   782   779   817   733   795   725   721   721   679   709   764   876   845   840   828   716   686   714   712
173 194     6480   728   712   720   829   782   781   815   734   799   723   722   722   678   709   765   875   843   841   826   716   683   711   711
177 194    10474   726   712   723   827   781   777   816   733   801   722   719   718   678   712   765   877   844   841   828   720   682   711   715
181 194    10576   728   710   720   826   781   775   816   732   800   724   718   721   678   711   766   876   844   841   827   720   683   713   715
185 194    10183   726   712   723   826   782   779   817   735   800   723   718   717   679   710   765   878   845   841   829   719   685   711   713
189 194    11659   728   710   722   829   782   777   816   734   801   724   720   719   677   709   766   875   844   841   827   716   685   713   712
193 194     8660   728   712   723   828   780   778   815   733   798   725   720   721   679   711   766   876   843   838   828   716   685   712   710
197 194    11818   728   707   723   828   782   779   815   734   800   721   719   717   677   710   768   876   844   840   828   719   684   712   714
201 194    10493   730   712   722   828   782   779   815   734   798   723   721   722   680   712   767   875   845   840   826   719   683   712   717
205 194    11249   728   711   723   828   782   778   816   733   799   724   721   721   679   711   766   877   843   842   827   719   685   714   716
209 194    11749   725   709   723   827   783   779   817   733   800   721   720   718   677   710   766   874   844   840   829   717   685   713   713
129 198    10657   728   712   724   826   781   778   817   731   799   722   718   722   679   711   764   873   844   838   828   717   685   712   711
133 198    10873   726   712   724   828   782   778   816   734   800   722   719   717   679   709   764   876   844   838   827   717   685   712   713
137 198     6862   727   711   725   828   779   778   814   734   800   724   718   721   680   710   765   877   844   838   827   719   685   711   715
141 198     8011   726   711   721   823   781   779   817   734   800   722   719   721   679   710   763   876   844   840   829   721   683   712   715
145 198    11144   728   709   723   825   782   778   818   734   800   724   720   720   677   711   762   877   843   839   828   720   684   712   717
149 198    11667   729   712   723   826   779   776   815   733   801   725   720   721   679   710   766   876   842   838   826   716   686   713   713
153 198    14049   728   709   724   828   781   779   817   736   801   723   719   719   680   710   765   876   845   840   828   717   683   712   713
157 198    10436   729   711   722   828   783   779   816   734   798   722   722   721   679   711   766   876   844   841   826   715   683   711   711
161 198     9902   728   711   722   828   782   780   816   733   799   722   717   720   679   706   765   876   844   840   829   717   681   710   715
165 198    11727   730   711   723   825   780   778   818   734   800   723   721   720   679   711   763   876   842   841   829   720   682   713   715
169 198    10271   726   711   722   829   782   777   816   735   801   724   717   719   676   710   765   878   843   839   828   720   685   711   716
173 198     9308   726   712   723   828   782   777   816   733   797   721   721   720   679   710   764   877   844   841   826   717   683   714   714
177 198    12536   728   710   724   827   782   780   816   733   801   721   719   720   678   710   767   874   845   840   828   715   681   712   710
181 198    14549   730   710   724   827   782   779   815   734   798   725   718   719   676   711   766   877   845   839   829   715   685   712   712
185 198    10042   727   711   723   827   783   777   816   734   800   723   718   720   678   711   766   878   844   840   826   720   685   712   719
189 198    15230   729   710   723   828   782   778   816   733   798   725   720   723   677   710   765   874   846   841   828   719   684   713   716
193 198     9833   727   709   723   827   783   778   817   733   798   724   722   722   676   711   765   875   844   840   828   719   685   712   716
197 198    11557   729   712   723   827   780   777   816   734   800   722   718   722   679   711   765   877   844   839   829   717   684   711   713
201 198     9060   726   711   723   827   780   777   816   734   799   722   721   721   679   711   765   876   844   839   828   716   683   712   709
205 198    11713   727   711   723   829   781   778   816   734   800   723   720   719   678   710   764   877   843   839   828   718   682   713   714
209 198     9992   726   713   722   827   779   778   816   732   799   723   720   720   679   711   765   874   843   839   828   720   684   713   717
129 202     7986   727   712   723   829   781   778   815   735   798   723   721   721   679   712   765   877   845   838   827   720   686   713   717
133 202     8757   724   709   723   830   781   778   817   733   801   724   719   718   677   712   766   876   844   839   829   720   684   712   716
137 202     9062   729   710   723   828   781   776   813   734   799   724   721   721   675   711   764   876   844   838   826   718   685   713   713
141 202    11650   727   712   724   827   781   779   817   733   800   723   719   719   678   712   765   876   844   841   829   716   684   710   713
145 202     9563   726   711   721   827   781   778   817   734   800   723   721   721   677   708   767   877   845   840   828   718   682   712   715
149 202    10854   730   712   723   827   780   778   815   733   800   722   719   721   679   710   764   876   844   840   828   721   684   713   716
153 202    12324   728   710   722   829   783   778   817   733   799   723   718   720   677   709   765   875   845   839   828   719   684   712   715
157 202     9925   728   711   723   828   782   778   817   732   797   723   721   720   678   710   767   874   845   840   827   716   684   713   711
161 202     9030   727   712   724   826   780   779   817   733   800   723   719   722   678   710   763   876   844   840   827   716   682   711   711
165 202     8013   727   713   724   827   779   779   817   734   799   722   719   720   679   711   765   877   844   838   828   719   682   712   715
169 202    12313   727   712   724   827   780   778   817   734   801   724   718   720   680   712   764   876   842   838   827   720   684   710   718
173 202     9268   728   711   722   827   779   779   816   732   799   722   721   721   680   708   765   876   843   840   828   719   683   711   714
177 202     8709   727   711   724   828   780   777   816   733   800   723   719   720   677   709   765   875   842   839   827   717   684   713   710
181 202     9789   727   712   723   828   780   776   816   736   799   723   718   721   678   710   764   877   844   840   825   716   684   712   713
185 202     7634   728   710   722   828   782   780   817   732   802   723   720   719   677   708   765   875   845   838   828   719   685   712   716
189 202     9157   730   709   724   829   782   779   815   733   799   722   718   721   678   711   765   875   845   840   828   718   682   713   717
193 202     9638   729   711   723   828   781   778   816   733   798   721   720   721   678   711   768   876   844   840   827   720   682   711   714
197 202    11604   728   711   724   829   780   777   815   733   799   725   720   719   678   711   765   876   844   839   826   716   686   712   712
201 202     9660   728   710   720   828   783   779   816   732   800   723   719   719   679   708   767   873   843   840   828   718   683   712   711
205 202    12922   730   710   721   828   781   778   815   734   800   723   721   721   680   707   765   876   845   841   827   721   682   713   717
209 202     6099   727   712   722   827   780   777   816   734   800   725   720   721   679   711   763   876   843   837   827   719   684   713   715
129 206    10854   728   712   723   827   780   779   816   733   799   722   720   721   679   711   764   875   844   838   828   716   683   712   711
133 206    11978   729   711   722   828   780   776   815   732   799   724   720   721   678   708   765   875   844   840   826   716   684   713   712
137 206    10865   726   711   721   827   779   779   815   733   800   725   720   721   679   709   765   874   843   838   829   719   683   712   715
141 206     9973   729   710   724   827   782   778   815   734   797   723   721   721   678   710   765   876   843   840   826   720   683   714   715
145 206     9897   727   713   724   828   779   779   815   733   800   722   720   720   680   711   766   876   844   839   829   716   682   712   711
149 206     8412   728   712   720   828   781   779   815   733   799   724   721   721   679   708   765   875   845   839   828   715   686   712   711
153 206     8335   727   711   724   828   781   780   816   734   800   723   720   720   680   709   765   877   845   840   828   716   682   712   718
157 206     9736   725   712   724   828   780   776   816   735   801   724   721   719   679   711   764   876   842   838   827   722   684   713   717
161 206    10017   728   711   721   828   782   781   817   732   799   721   720   721   679   708   765   875   843   840   828   721   683   713   718
165 206    12296   728   711   722   827   781   780   817   733   800   721   719   719   679   708   765   876   844   840   828   718   684   712   715
169 206    10101   728   708   722   828   783   779   816   735   799   723   720   720   677   711   765   877   844   839   830   716   683   712   712
173 206     8550   727   712   723   828   780   778   816   734   800   724   720   720   679   712   764   876   843   838   827   717   684   710   713
177 206     8409   726   712   721   827   781   778   816   732   802   724   720   720   679   711   765   875   842   839   830   721   684   713   715
181 206    12541   730   712   724   828   781   777   816   734   799   724   721   721   679   710   764   877   842   840   826   719   684   714   718
185 206    11486   728   710   722   827   783   775   817   733   801   724   721   719   677   711   765   877   845   840   827   719   684   710   716
189 206    11892   728   711   722   828   782   778   816   736   800   722   719   720   678   708   765   878   845   840   828   719   682   711   714
193 206     9930   728   711   722   827   780   779   818   731   801   724   720   721   677   709   765   874   844   839   826   717   683   713   710
197 206    11830   727   712   724   828   782   778   817   733   799   724   718   721   677   711   765   877   844   838   826   717   684   713   713
201 206     6874   727   711   722   826   781   779   814   733   798   724   720   722   680   711   765   877   845   838   828   719   687   711   715
205 206    11274   729   710   722   828   781   778   815   735   798   725   720   721   680   711   765   876   844   839   829   720   685   712   716
209 206    12782   728   707   722   827   784   779   817   731   801   723   721   721   675   711   765   874   846   840   829   718   685   712   714
129 210    10586   727   711   722   828   783   778   816   733   800   722   719   719   678   712   766   875   844   840   827   720   681   708   716
133 210    10127   725   711   723   828   781   780   817   735   801   722   722   719   678   710   765   874   843   840   826   719   683   709   714
137 210     9539   728   711   724   828   780   780   813   734   799   724   719   720   678   711   763   876   843   841   827   716   684   713   712
141 210    10641   728   709   722   826   781   779   818   732   801   724   719   721   676   709   764   875   844   839   827   715   685   712   711
145 210    13770   730   710   723   828   782   776   815   733   800   723   720   720   678   712   766   876   843   840   828   718   683   711   714
149 210    12263   729   711   723   826   779   778   817   733   800   721   719   722   678   709   763   875   844   839   828   720   684   713   717
153 210    10660   728   711   722   824   781   778   815   733   800   723   720   722   677   711   762   876   846   839   829   720   685   711   715
157 210     9463   728   712   722   828   777   776   816   733   801   723   719   721   680   707   763   875   843   839   828   720   684   713   714
161 210    10988   728   710   723   827   783   781   816   734   801   724   718   720   677   710   766   876   845   840   828   717   684   710   711
165 210    10741   728   712   723   825   781   778   817   732   800   722   721   721   678   711   763   876   843   840   830   716   683   712   710
169 210     6526   727   709   724   827   780   779   816   734   800   723   718   720   676   709   766   876   846   840   826   717   684   713   712
173 210     8292   728   710   724   827   783   778   815   732   800   722   719   721   677   709   763   875   842   839   827   720   683   711   715
177 210    11923   729   710   720   826   780   779   818   733   799   724   720   721   678   708   764   876   844   841   828   720   684   711   716
181 210     8847   727   710   721   827   782   778   814   731   799   724   721   720   678   708   765   873   844   838   827   718   684   715   715
185 210     8126   729   709   722   827   781   779   817   733   798   723   720   721   676   712   765   876   843   840   827   714   684   712   713
189 210    11776   726   712   723   824   782   779   819   733   800   722   720   721   678   711   762   876   844   839   828   717   683   710   713
193 210     9910   728   710   723   828   783   777   816   731   797   723   722   720   676   709   764   874   844   841   825   720   685   715   716
197 210    10052   728   711   722   827   781   779   814   734   797   723   719   720   677   709   764   876   844   841   830   719   685   712   715
201 210     9463   729   710   721   827   782   779   816   734   797   723   720   721   679   709   764   876   844   840   829   719   683   713   716
205 210     9720   728   712   722   827   780   777   816   734   799   721   717   721   679   709   764   876   843   840   828   716   682   712   712
209 210    10545   729   710   723   826   781   778   817   734   802   721   720   721   679   711   763   876   842   840   828   718   683   712   712
129 214    11634   728   712   722   828   781   779   818   733   800   722   718   720   678   708   765   876   846   839   828   718   683   711   715
133 214    10277   729   711   723   827   782   776   819   731   799   724   720   721   677   711   764   874   843   839   830   719   684   712   717
137 214    11597   728   710   721   827   782   781   817   730   801   722   720   721   677   710   767   872   845   840   828   720   685   711   716
141 214     8845   727   711   723   828   781   778   816   734   797   721   718   721   679   710   765   876   845   839   827   718   682   714   714
145 214     8885   727   711   723   828   782   778   817   734   800   723   718   720   679   710   765   877   844   840   828   716   684   711   711
149 214     9906   727   711   723   827   781   779   817   733   799   723   719   721   679   712   766   876   845   840   826   716   684   710   713
153 214     9017   726   710   723   826   780   778   816   734   801   723   720   721   679   709   766   877   843   839   827   717   684   714   714
157 214    10041   728   711   723   828   782   780   817   734   801   722   719   719   679   708   765   875   844   840   828   721   683   712   717
161 214    11569   728   711   722   825   780   780   817   733   800   724   720   721   678   709   762   875   844   840   828   720   685   712   716
165 214    10142   728   712   724   828   780   776   816   733   800   723   719   721   679   711   764   876   843   839   826   719   684   713   713
169 214    10302   728   712   722   825   782   778   817   733   800   724   721   721   679   710   762   877   842   839   829   716   684   711   712
173 214    10758   730   711   723   827   782   779   816   733   798   722   718   721   680   709   766   876   844   841   828   717   683   708   715
177 214     9135   729   712   722   828   782   779   817   735   798   721   720   721   679   710   765   875   845   840   827   719   683   709   716
181 214    10126   726   711   725   828   782   778   816   733   801   722   719   719   678   712   765   875   844   841   828   719   684   711   716
185 214    10040   727   711   724   827   782   778   817   734   800   722   721   719   678   708   766   876   844   840   829   716   684   713   713
189 214    10642   728   710   721   824   781   777   816   732   800   723   721   721   677   710   764   875   842   839   829   716   685   712   709
193 214    10387   729   711   723   826   779   776   816   732   801   724   721   720   679   711   764   875   841   840   830   719   683   713   714
197 214    11979   725   711   728   827   780   778   817   735   801   723   717   717   677   710   765   876   844   841   829   721   685   711   716
201 214     9983   728   711   723   828   782   780   816   734   798   721   720   722   679   710   766   875   844   840   827   720   681   709   716
205 214    12461   727   709   720   829   779   779   817   731   800   724   720   719   677   707   767   873   845   841   828   719   685   713   713
209 214     9266   727   709   723   826   783   778   817   732   800   724   720   720   675   709   764   875   844   842   828   715   685   713   709
129 218     9314   726   710   723   828   780   779   818   733   802   723   718   717   677   710   765   876   844   840   829   715   685   711   709
133 218    11731   727   708   723   828   781   779   816   734   799   723   719   719   676   709   766   876   845   839   827   716   684   712   710
137 218     8504   728   711   723   825   782   779   819   733   800   722   720   721   679   709   762   876   842   839   831   717   685   712   713
141 218    10152   726   709   724   828   783   779   816   735   800   723   719   719   678   710   766   876   844   840   829   720   682   712   717
145 218     8957   727   710   722   828   783   779   816   734   798   722   721   721   680   710   765   876   843   840   829   720   682   713   716
149 218    11805   731   712   723   828   783   779   816   733   797   723   718   721   678   712   765   876   844   840   828   716   685   710   714
153 218    10280   726   711   724   828   782   779   817   734   800   721   719   719   678   711   764   876   846   840   828   717   683   713   711
157 218    10457   729   709   722   826   783   778   817   732   800   725   720   720   676   710   762   875   843   840   828   716   684   713   710
161 218     9560   727   711   721   827   783   778   818   732   800   723   720   720   677   706   764   874   845   840   828   719   685   713   715
165 218     9543   727   712   724   826   781   779   819   735   802   724   719   722   679   712   763   876   842   838   829   722   682   712   717
169 218     9498   728   711   722   827   779   778   816   730   800   723   720   720   678   708   765   874   843   840   828   718   684   713   714
173 218     9194   729   712   723   826   782   777   815   734   799   723   720   721   679   708   764   876   842   839   827   716   685   712   710
177 218     8433   728   711   723   828   780   780   814   732   800   722   719   720   680   711   766   875   844   841   828   717   682   713   712
181 218     8894   728   710   724   828   780   779   817   734   801   723   718   718   679   711   766   876   844   840   830   718   683   712   713
185 218    11597   728   709   723   828   779   778   816   734   801   723   720   720   679   710   765   875   845   840   828   720   684   713   716
189 218    11438   729   710   723   826   781   779   818   733   798   722   721   721   676   710   763   876   845   839   829   719   684   713   715
193 218     7537   727   711   721   827   782   779   815   733   799   723   721   719   679   709   765   876   847   839   830   716   684   713   713
197 218     8870   728   709   724   826   782   779   817   733   798   723   720   721   676   710   763   876   844   841   828   717   684   712   712
201 218     9492   727   710   724   827   779   779   816   734   799   723   721   720   679   711   765   876   846   839   827   717   685   712   711
205 218    10679   728   712   722   825   782   774   815   734   799   724   719   720   680   714   763   875   842   839   826   720   685   711   715
209 218     9425   726   710   723   828   783   780   817   734   800   721   720   721   680   711   764   876   844   841   828   721   684   712   717
129 222    11152   730   712   724   828   781   779   817   733   798   723   720   722   679   710   766   876   844   840   826   719   683   710   718
133 222    12374   727   710   723   827   783   779   816   734   800   722   719   719   678   711   764   875   847   840   829   720   683   711   715
137 222    11000   729   711   721   826   782   777   816   734   802   723   721   722   678   711   763   877   841   838   828   720   683   714   712
141 222     8088   726   712   724   826   781   779   815   734   800   723   720   721   678   711   765   876   842   839   827   717   685   714   713
145 222     8991   728   712   724   828   780   781   816   732   799   723   718   721   679   709   766   875   843   840   828   719   686   711   713
149 222     9152   727   711   723   827   782   780   817   732   799   722   719   721   679   709   764   874   844   840   828   719   684   713   714
153 222    10944   726   712   722   828   782   780   814   734   800   722   721   720   679   708   766   877   845   841   829   721   683   713   717
157 222     8455   727   709   725   827   780   778   817   734   800   724   719   720   677   711   766   876   844   840   829   719   684   712   715
161 222     9846   726   712   719   827   780   777   817   732   800   723   719   719   678   708   765   876   843   840   828   717   685   713   710
165 222    12529   730   711   723   827   779   779   816   732   799   722   720   721   679   711   765   874   843   841   828   720   683   711   714
169 222    12363   730   712   724   828   780   778   815   733   798   725   720   720   679   711   765   875   844   837   826   718   685   713   717
173 222     8415   726   712   721   827   781   776   817   733   800   723   719   720   679   708   765   875   845   840   827   717   684   713   710
177 222     7610   724   709   722   828   781   778   817   733   800   723   718   719   677   709   764   875   844   840   829   717   684   713   711
181 222    11913   727   710   723   827   783   777   815   733   800   724   721   720   677   710   766   876   844   840   829   720   684   713   715
185 222     5489   726   711   722   827   781   779   815   734   800   723   721   721   677   710   763   876   844   839   827   720   683   713   717
189 222    13419   727   713   724   827   782   778   816   734   800   721   720   720   677   711   766   877   844   840   828   717   682   712   714
193 222    13747   727   711   721   828   780   778   816   734   800   723   720   720   680   709   765   877   845   839   828   717   684   714   712
197 222     7823   726   712   722   825   783   779   818   730   801   722   719   717   678   708   764   872   847   840   828   719   683   714   717
201 222     8468   728   712   724   828   782   777   816   733   799   722   718   721   676   711   766   876   845   841   827   722   682   713   718
205 222     9734   728   713   723   827   781   779   816   734   798   721   720   721   680   711   766   875   845   840   827   718   683   712   713
209 222    11348   727   710   725   828   781   780   817   732   800   723   720   719   675   711   765   877   845   840   828   717   684   711   711
129 226     9930   728   709   720   828   784   780   818   731   801   723   720   720   676   707   763   874   845   839   828   716   684   713   711
133 226    13586   731   711   724   828   780   778   815   733   798   725   721   722   679   710   766   876   843   838   826   715   685   714   712
137 226    12461   731   711   724   828   783   778   815   734   798   723   720   722   678   712   765   876   845   838   827   717   684   713   714
141 226    10554   725   712   723   827   782   777   817   734   800   723   718   717   678   710   766   876   845   840   828   718   684   712   715
145 226     8839   726   710   724   827   781   779   817   735   801   723   717   719   680   710   767   877   844   841   829   722   683   711   717
149 226    10787   728   711   723   826   782   778   817   733   800   724   718   721   680   712   763   875   844   838   828   718   684   711   715
153 226     6752   727   710   722   828   782   778   815   734   800   721   720   720   677   710   765   877   844   839   830   716   685   713   710
157 226    11613   729   711   724   828   781   779   817   734   798   724   720   720   680   711   764   875   844   840   826   718   684   710   717
161 226     8763   728   712   724   827   782   778   815   734   799   724   719   720   678   710   766   876   844   839   826   720   683   710   717
165 226     7928   727   710   723   828   782   779   817   733   799   722   720   721   676   711   765   875   845   840   829   720   684   711   717
169 226     8927   729   711   723   828   781   776   815   734   796   724   718   721   679   710   766   875   845   841   827   718   682   711   712
173 226    11262   730   713   725   829   781   778   816   733   798   721   719   722   680   713   765   876   845   841   826   714   683   714   711
177 226     9123   726   711   724   827   782   778   816   733   800   724   719   719   679   711   764   875   845   843   826   720   684   712   715
181 226    11273   726   712   723   828   781   776   815   732   800   723   720   720   679   712   764   874   843   839   827   719   683   713   715
185 226     8183   727   711   723   828   781   778   817   735   800   722   718   721   678   711   764   875   845   839   828   717   683   711   712
189 226     8509   727   710   723   829   784   777   816   733   800   723   720   719   676   709   766   874   842   841   830   718   684   712   714
193 226    10814   728   710   724   828   781   779   817   732   800   723   719   719   677   710   765   873   844   839   828   721   684   713   717
197 226     8268   727   712   724   827   782   780   818   734   800   724   718   720   678   707   763   876   844   840   826   717   683   711   713
201 226    10036   728   712   719   828   781   779   816   729   802   722   720   721   679   709   765   873   843   840   828   718   682   713   710
205 226     9850   726   712   722   827   781   779   818   735   800   722   719   721   679   711   764   876   843   841   828   716   682   712   713
209 226     9345   727   712   724   828   780   777   816   734   800   724   719   720   679   712   766   876   844   839   827   720   686   710   716
129 230    10985   729   712   726   828   781   778   815   734   800   724   718   721   679   711   765   876   843   838   827   722   685   712   717
133 230     7437   728   711   723   826   780   778   816   732   801   722   718   721   678   710   764   876   843   838   829   720   681   711   714
137 230    11009   727   712   724   826   780   777   817   733   800   724   720   720   679   711   764   877   843   839   827   718   685   712   712
141 230     8959   729   711   722   827   781   780   816   732   800   723   721   720   678   709   764   875   841   841   829   717   685   712   713
145 230    10745   725   711   724   829   780   778   817   735   800   726   721   717   678   710   765   876   842   837   829   722   685   713   717
149 230    11924   729   712   724   828   777   778   815   734   800   722   716   721   679   710   765   876   843   837   827   716   684   713   713
153 230    10781   726   713   722   826   781   776   818   733   802   722   720   719   681   710   763   875   842   838   829   719   683   713   714
157 230     9486   728   711   724   825   783   778   816   735   801   723   721   721   676   709   765   876   844   840   826   721   683   716   717
161 230    10001   728   711   722   826   780   779   818   732   800   723   719   721   678   709   764   874   843   841   829   720   684   711   716
165 230    12858   728   710   725   826   782   778   814   734   798   722   720   720   677   709   761   876   846   840   828   715   683   713   713
169 230     8723   726   710   723   828   781   777   814   734   800   723   720   719   677   711   765   876   842   839   829   716   685   712   713
173 230    10249   729   709   723   827   780   779   814   734   798   723   722   721   678   711   764   876   843   841   827   718   683   714   714
177 230    11321   728   712   723   828   780   778   817   732   801   723   719   720   679   709   764   874   844   839   828   721   685   714   716
181 230    13341   729   711   722   828   782   778   815   733   798   723   720   721   677   711   765   874   845   840   826   719   686   713   714
185 230    10372   728   710   725   826   783   780   817   733   801   724   719   721   677   707   766   876   844   840   829   717   685   712   712
189 230    11219   727   712   722   828   781   779   816   732   800   721   720   721   677   708   765   874   845   841   829   716   683   713   712
193 230    10024   729   709   722   827   780   778   817   733   800   724   721   719   677   711   764   876   843   839   828   720   683   712   716
197 230     8999   728   710   722   828   783   780   816   735   801   724   720   719   677   709   767   875   845   840   828   719   684   714   715
201 230    11410   729   711   723   828   782   779   817   735   799   723   721   719   678   709   765   878   844   840   828   721   684   711   716
205 230    11851   728   712   723   828   782   779   817   736   798   722   719   719   678   710   766   876   844   841   827   716   682   711   712
209 230     8814   728   707   723   826   781   779   816   732   800   721   719   720   677   709   764   873   844   839   828   717   683   712   710
129 234     8922   725   711   720   828   781   779   818   733   801   722   721   718   678   709   765   876   844   840   829   719   684   712   713
133 234     7342   726   711   722   829   782   778   817   734   799   723   719   720   677   709   766   877   846   839   828   720   684   712   715
137 234     8235   727   711   723   826   780   778   815   732   803   724   720   720   679   711   764   875   843   839   828   716   685   713   712
141 234    11009   729   711   722   825   781   778   815   731   800   723   721   720   678   710   764   875   843   841   827   718   684   713   711
145 234    12370   728   712   723   827   781   777   817   733   800   721   718   722   680   712   766   876   845   840   827   719   683   711   718
149 234    10459   728   708   723   826   781   777   816   733   798   723   720   721   676   711   763   877   844   840   829   721   685   713   716
153 234    11058   729   712   723   827   780   778   815   733   797   723   721   720   678   711   766   876   844   837   829   717   686   714   714
157 234    10722   726   711   724   826   782   779   817   736   800   719   718   719   680   712   765   877   844   840   828   716   682   711   712
161 234    11071   729   711   723   825   781   779   817   734   798   723   717   721   679   710   766   876   845   840   826   721   682   711   715
165 234     8723   727   712   722   827   782   779   815   731   798   723   719   721   678   710   764   875   842   840   829   720   685   711   718
169 234    10550   727   708   723   826   783   779   817   736   800   725   720   719   677   710   765   876   846   840   829   719   683   712   716
173 234     9409   728   710   723   829   780   780   815   733   800   723   719   720   676   706   766   876   844   839   827   717   685   714   713
177 234    10150   728   709   720   827   783   779   819   731   801   724   720   721   678   709   764   872   843   842   829   715   685   713   710
181 234    10539   728   712   725   828   782   779   816   734   800   720   721   720   680   711   765   876   844   841   827   716   682   713   712
185 234    11361   728   711   723   827   781   776   814   734   798   724   720   720   678   711   765   876   846   839   828   722   686   712   717
189 234     8782   728   709   720   828   781   779   816   732   799   724   721   719   677   707   766   874   845   841   828   721   685   713   715
193 234     8977   727   711   723   827   779   777   813   734   799   724   721   720   679   711   764   876   845   839   828   720   686   712   715
197 234    12836   730   711   724   827   780   778   818   733   802   724   720   721   679   711   765   875   842   838   827   719   685   712   715
201 234     9116   728   710   720   828   783   780   820   732   800   723   720   721   676   709   765   875   845   840   827   717   684   712   712
205 234    10757   729   712   722   828   781   778   817   735   799   721   717   722   680   711   765   876   845   840   827   716   683   709   712
209 234     9392   729   711   724   827   779   778   815   735   801   726   721   721   678   711   764   876   842   837   827   715   684   713   711
129 238    14364   728   711   724   829   781   779   817   733   800   723   721   719   677   711   765   876   844   837   829   716   685   714   711
133 238    11062   727   710   722   828   782   778   814   734   800   723   720   718   676   710   764   876   845   841   829   721   684   713   716
137 238     9751   725   711   724   827   780   777   815   732   801   723   723   720   679   713   766   877   843   840   826   721   683   711   717
141 238     8149   727   712   722   826   780   780   817   733   800   723   717   723   679   712   765   875   845   840   829   719   685   710   717
145 238     7021   727   711   724   827   780   778   816   733   802   722   718   720   679   710   764   874   842   839   828   717   686   712   712
149 238     7556   728   713   723   829   781   779   816   733   799   721   719   719   677   713   768   875   844   839   828   716   680   710   712
153 238    11395   728   713   723   827   779   777   815   733   800   723   720   722   676   710   766   876   845   839   827   720   684   712   717
157 238    10607   726   710   723   828   780   779   817   733   801   724   719   720   676   711   765   875   843   839   829   720   684   712   717
161 238     8215   727   711   723   826   781   778   819   734   801   722   720   721   678   711   763   875   845   839   828   716   685   713   711
165 238     9110   730   710   723   828   782   779   814   733   798   722   720   722   678   709   765   875   843   839   827   715   683   713   712
169 238     8332   726   711   723   828   780   780   817   734   801   723   718   720   678   710   766   878   844   840   828   719   685   712   715
173 238     8907   729   714   723   826   782   779   816   735   800   723   720   721   678   712   763   876   843   839   829   721   683   714   717
177 238    10952   728   712   724   826   782   778   817   733   800   724   720   720   678   713   763   875   843   840   828   719   682   708   716
181 238    11510   729   710   723   827   781   778   816   733   800   723   718   721   679   712   764   877   842   838   828   718   683   712   714
185 238     9021   727   710   722   828   781   779   814   733   799   724   720   721   677   708   766   874   844   840   829   717   685   711   710
189 238    10375   728   711   722   828   780   778   817   733   801   722   718   720   678   708   765   876   844   839   825   716   684   712   712
193 238    12401   731   711   724   828   782   779   817   733   799   724   720   722   677   710   766   874   844   840   829   719   685   711   716
197 238    12393   728   710   724   828   782   778   817   734   800   722   720   719   678   712   765   875   844   840   829   721   683   713   716
201 238    11121   730   710   721   827   781   778   816   731   799   724   721   722   677   708   764   874   846   841   828   717   686   713   712
205 238     8977   728   709   722   825   781   779   818   733   800   724   721   722   677   711   764   876   844   840   827   717   685   713   712
209 238     8455   727   712   725   828   780   779   815   734   799   722   719   721   679   711   765   877   844   839   828   718   683   711   716
129 242    13025   730   710   722   825   781   778   817   733   800   723   719   720   677   709   763   875   845   842   828   719   684   713   715
133 242     6826   728   711   723   828   782   780   817   733   799   723   720   721   677   709   766   875   845   840   828   715   684   714   711
137 242     7968   728   711   722   828   780   778   815   732   800   725   720   721   678   712   765   875   844   838   830   715   684   714   713
141 242    11503   727   711   723   827   781   777   817   733   798   722   720   722   678   711   763   876   844   839   828   720   685   715   716
145 242     7241   726   710   724   829   782   777   815   734   801   724   719   719   678   711   765   874   844   839   829   720   684   713   715
149 242     8411   728   712   725   828   782   777   816   734   800   724   720   720   679   711   765   875   845   840   827   716   684   713   712
153 242     6172   727   711   723   825   780   778   818   732   801   724   718   721   678   710   765   874   843   839   828   716   683   713   711
157 242     9565   726   710   722   830   781   779   815   734   800   723   721   720   676   710   765   876   843   840   828   719   685   713   716
161 242     8755   729   711   722   828   782   780   816   734   800   724   721   720   676   709   765   876   845   840   827   720   685   712   718
165 242    10938   728   710   723   827   781   777   814   734   798   723   720   720   679   710   764   874   845   839   826   716   684   712   713
169 242    10041   726   712   726   827   781   778   817   733   800   723   718   719   679   711   767   875   843   839   829   718   684   713   711
173 242    12942   730   713   723   829   781   779   817   733   799   720   719   720   678   710   764   878   844   841   828   718   681   711   715
177 242    10109   726   711   723   826   783   777   814   735   800   724   722   722   678   712   766   877   843   837   827   721   684   712   717
181 242     9199   730   711   723   824   779   781   818   732   800   724   722   721   679   708   763   875   842   839   829   718   686   714   713
185 242    11615   729   711   723   826   783   779   817   732   797   723   718   722   678   712   763   875   845   840   829   716   684   708   711
189 242    13759   727   712   723   828   781   776   816   736   800   723   719   720   679   711   765   875   845   839   828   717   685   712   713
193 242    11158   728   712   723   827   782   777   817   734   799   725   719   718   679   711   766   875   845   838   827   721   686   712   716
197 242     8069   727   713   724   825   781   779   817   733   798   720   720   722   679   712   763   874   843   839   830   723   683   711   715
201 242    10919   726   711   724   827   782   777   817   733   801   722   719   718   677   710   766   877   846   838   826   718   684   714   713
205 242    10473   728   710   722   826   781   779   817   730   799   721   719   721   679   708   765   873   844   841   829   716   684   712   711
209 242     8354   727   708   723   830   782   778   815   733   799   723   721   719   677   711   766   875   843   840   828   716   685   714   712
129 246     9420   729   712   721   828   781   779   815   733   798   724   719   720   679   710   765   876   845   841   828   716   685   711   712
133 246    11161   728   711   723   828   781   778   814   734   799   723   721   720   680   710   765   876   845   841   827   720   683   713   715
137 246    10466   727   710   724   826   781   778   817   734   801   724   720   720   679   710   763   875   845   840   826   721   685   714   715
141 246    10962   726   711   722   827   783   779   818   733   800   721   719   719   677   710   765   876   844   839   828   717   683   714   715
145 246     8823   728   711   721   828   780   777   816   732   800   722   721   721   678   710   764   875   844   841   829   716   684   713   712
149 246     7589   726   712   724   828   782   778   814   733   799   725   719   720   679   711   765   876   844   839   827   715   684   713   710
153 246     9988   727   712   722   827   781   780   818   733   799   723   719   720   679   708   765   874   844   840   829   716   684   711   712
157 246    11589   729   711   721   828   782   779   819   733   800   721   718   721   679   710   766   875   845   841   829   720   684   713   715
161 246     9181   730   712   723   828   780   778   815   735   798   724   720   721   678   710   765   876   844   840   829   721   685   712   717
165 246    11157   727   712   721   827   782   780   815   736   801   721   720   721   678   709   762   879   845   840   828   719   686   713   716
169 246     8354   729   708   722   827   782   777   814   733   802   724   722   720   677   710   765   875   845   839   827   719   684   714   718
173 246    10126   729   710   724   826   782   778   817   732   798   723   720   720   678   709   763   873   844   840   828   720   683   712   715
177 246    12800   726   709   724   826   781   780   818   734   800   722   719   718   678   711   765   876   846   840   828   716   684   711   711
181 246    10564   729   712   724   827   780   776   815   735   799   724   719   721   679   711   766   875   841   838   826   717   683   714   713
185 246     9642   729   711   719   827   781   779   816   734   797   723   721   721   680   707   764   875   845   840   828   719   683   714   716
189 246    12516   727   711   723   829   779   777   817   733   801   724   721   720   678   710   766   874   843   836   829   721   684   712   716
193 246    11285   729   711   724   827   781   775   814   734   799   724   719   718   679   710   766   876   844   838   827   717   684   713   714
197 246     9748   729   710   723   828   782   779   816   734   799   723   720   722   679   710   765   875   844   841   828   714   684   710   711
201 246    10095   731   711   725   828   782   778   815   735   799   724   720   720   680   711   766   876   845   840   827   717   685   713   714
205 246     8506   725   711   722   828   782   778   816   735   801   722   718   721   680   712   766   876   845   840   829   720   683   712   715
209 246    11087   729   714   724   828   782   779   817   734   799   721   720   717   678   710   765   876   842   840   827   717   684   712   714
129 250     9839   727   712   722   826   781   778   817   733   801   724   723   722   680   709   763   876   843   839   826   717   683   714   711
133 250     8686   726   710   724   827   781   778   815   734   800   725   719   720   679   711   764   876   844   839   828   717   685   711   712
137 250    13094   728   708   725   828   783   780   815   734   799   723   718   719   676   711   765   875   846   838   828   718   684   711   715
141 250    14163   728   711   723   828   782   777   815   733   799   724   719   720   678   710   765   875   844   841   828   720   683   713   717
145 250     7959   728   712   722   829   781   781   817   734   800   722   721   720   679   709   765   876   844   839   828   720   683   713   712
149 250     7088   725   711   724   828   780   779   815   734   800   723   719   719   678   711   766   876   844   839   828   716   684   712   711
153 250    11981   728   712   723   825   781   778   817   734   801   722   720   722   680   712   764   876   844   841   829   716   682   712   711
157 250     8690   727   710   722   826   783   777   816   735   799   723   720   720   676   711   765   878   844   840   827   720   685   713   715
161 250     7533   724   709   723   828   783   779   814   734   800   723   720   720   677   710   766   875   846   841   828   721   684   713   717
165 250    11416   728   712   720   827   781   778   818   733   798   724   722   721   678   708   764   876   844   841   829   721   684   714   717
169 250     8944   727   711   723   827   783   779   814   735   799   723   721   721   677   709   765   876   844   838   827   718   686   712   715
173 250     9920   728   710   722   828   783   779   815   732   800   723   721   720   677   710   765   874   844   842   827   716   683   713   712
177 250    11468   727   711   724   829   782   777   817   734   799   721   720   720   677   713   765   877   844   841   828   715   682   712   712
181 250     9181   728   711   722   828   782   779   814   736   800   723   720   720   680   711   765   877   846   842   826   719   683   712   717
185 250     9579   726   711   720   828   780   778   817   734   800   723   719   719   677   709   766   877   846   839   828   721   686   714   719
189 250    10335   728   712   723   828   780   778   816   734   801   723   720   720   677   711   765   877   844   840   827   720   685   712   717
193 250     8637   730   712   722   827   779   778   818   733   798   723   718   722   679   710   766   874   844   841   828   718   683   710   717
197 250     8014   726   712   724   827   781   778   815   734   800   725   721   722   677   711   764   876   844   838   828   715   686   713   713
201 250    11121   728   712   724   826   780   778   817   734   799   720   720   720   678   711   763   876   843   839   830   717   683   712   716
205 250     9387   727   710   723   825   782   780   816   731   797   723   721   721   677   710   764   874   845   842   828   720   685   711   718
209 250    10235   728   712   723   829   781   777   816   734   800   723   720   721   678   709   765   876   844   840   827   719   684   712   717
