! Map center:  169,210
129 170    11728   723   711   720   824   778   774   812  4219   798   723   717   721   676   708   763  4144   837   837   822   718   683   710   710
133 170     8666   721   709   719   821   777   771   809   731   796   722   717   720   676   707   761   871   835   834   822   717   683   711   711
137 170    10306   723   709   715   823   776   774   809   732   798   723   716   720   677   703   763   871   836   835   820   718   684   709   710
141 170     9167   725   709   720   823   776   772   809   731   797   722   716   719   676   708   762   871   835   835   822   717   684   710   711
145 170    10043   724   706   719   821   777   773   810   732   796   725   717   720   674   707   762   871   838   832   822   718   685   712   707
149 170    10911   724   708   718   823   777   772   808   731   796   722   715   719   676   706   762   870   836   835   821   719   684   711   715
153 170     8275   722   708   718   822   776   773   810   732   797   722   717   719   676   707   764   870   836   835   821   715   683   711   710
157 170     7983   723   708   720   824   776   773   809   730   796   721   718   719   675   708   762   869   838   835   822   716   684   711   710
161 170     8517   725   708   719   821   776   772   808   731   794   724   717   719   675   707   761   871   838   833   822   718   684   712   710
165 170     8415   722   707   719   823   776   774   810   733   796   722   714   719   675   706   762   871   839   835   821   717   683   711   711
169 170    10743   724   710   719   821   777   771   810   731   796   723   716   719   676   707   763   870   836   834   821   720   684   710   708
173 170    10662   724   709   719   822   776   774   809   731   796   722   717   720   676   707   764   871   837   834   822   718   684   711   710
177 170     7658   720   708   720   824   776   772   808   731   796   722   716   716   676   706   763   871   836   835   822   719   684   711   712
181 170    10480   723   708   720   823   774   773   810   731   796   721   716   720   672   707   763   871   838   835   821   715   684   713   710
185 170     8221   723   708   720   823   775   773   810   730   798   721   718   720   677   707   762   874   838   836   819   722   681   711   711
189 170     9528   722   709   720   823   776   771   810   731   797   722   715   718   676   707   763   870   837   835   822   714   684   708   711
193 170     7164   723   708   719   823   775   774   810   730   796   721   715   720   676   709   762   870   839   836   822   721   683   709   712
197 170     8520   722   708   719   823   776   774   810   732   796   721   717   718   676   707   763   872   837   834   822   716   683   712   703
201 170     8353   722   708   718   822   776   773   808   729   797   723   718   720   676   708   762   869   837   834   822   718   683   711   714
205 170     5236   722   706   720   824   777   772   810   731   796   722   717   720   674   708   762   871   838   834   822   718   683   709   707
209 170     9147   723   708   717   822   776   773   811   731   799   723   716   719   676   706   760   871   836   834   821   717   683   711   712
129 174     9160   721   709   720   822   777   774   810   731   795   722   717   719   676   706   761   871   839   835   822   717   683   711   713
133 174     7979   724   709   717   823   776   772   809   730   797   722   714   719   676   704   763   870   838   835   821   718   683   708   710
137 174     7337   722   709   717   824   777   773   810   731   796   722   716   720   676   705   763   871   836   835   822   717   684   711   706
141 174     8351   724   707   720   820   778   774   811   731   797   723   717   720   674   707   762   871   838   834   823   722   685   711   712
145 174     8277   721   709   719   824   777   771   810   731   797   722   717   717   676   706   763   870   835   835   822   716   684   711   707
149 174    10555   724   709   720   824   778   773   809   730   795   723   715   719   676   707   763   871   838   836   822   718   683   709   711
153 174     9212   723   709   719   822   777   773   809   731   796   721   716   719   674   706   763   871   838   835   823   717   686   711   709
157 174     7846   722   708   720   822   776   773   809   733   796   722   717   721   676   707   762   871   837   834   821   719   684   713   716
161 174    10507   723   709   717   822   777   774   809   731   796   722   717   719   676   705   764   871   838   835   820   716   683   712   704
165 174    12203   723   709   718   824   777   772   808   731   797   721   716   719   676   705   762   871   838   835   820   719   682   711   711
169 174     8161   721   709   718   823   777   773   809   730   796   722   717   720   676   707   763   869   838   836   821   717   683   712   706
173 174     7458   723   709   721   823   777   772   810   730   797   722   714   720   676   706   763   872   838   836   821   718   684   711   714
177 174    12549   725   708   718   823   776   771   810   731   796   722   716   719   675   707   763   871   838   835   821   716   683   709   711
181 174     8497   723   708   720   820   777   773   810   730   796   721   716   722   676   707   760   871   838   836   822   719   684   711   710
185 174    10173   722   708   720   821   777   774   808   732   797   722   717   718   676   708   762   871   836   835   822   717   684   712   709
189 174     8253   724   709   720   823   774   773   809   732   797   721   717   720   674   708   762   873   838   835   823   720   682   711   711
193 174    11423   725   708   719   824   774   773   810   730   796   721   717   720   674   707   762   872   839   836   822   717   681   712   712
197 174    12768   724   709   719   823   777   773   808   731   796   720   717   718   676   708   761   871   838   836   822   717   683   712   710
201 174     9450   724   708   719   825   776   773   808   732   798   721   717   717   676   707   762   871   837   835   823   717   681   711   711
205 174     7034   722   709   721   822   777   773   807   733   798   722   714   718   676   706   762   872   837   835   823   720   684   711   712
209 174    11560   724   706   718   823   777   775   810   731   797   722   716   719   676   706   763   872   838   834   822   720   684   712   711
129 178     8694   723   709   719   822   777   773   810   732   795   721   718   720   677   707   764   871   839   835   823   719   684   712   714
133 178     9124   724   708   719   823   778   774   810   731   797   723   717   720   674   708   763   871   838   835   822   714   683   711   713
137 178     9830   725   709   719   824   777   774   810   730   797   722   717   720   676   706   763   871   838   836   820   719   684   711   712
141 178     8713   723   709   721   823   779   774   810   732   797   721   716   719   675   708   763   871   839   836   824   715   684   710   707
145 178     7899   723   707   720   824   774   774   810   732   797   722   717   720   674   707   763   870   838   834   822   718   682   711   715
149 178    11197   725   708   720   823   776   774   810   733   797   722   717   720   675   706   763   870   839   836   823   715   683   711   710
153 178    11133   723   708   720   820   778   774   808   731   796   723   718   719   676   708   762   872   837   834   823   717   683   712   711
157 178     6908   723   708   720   822   778   773   809   731   795   722   717   718   676   708   763   871   839   835   823   718   684   712   706
161 178    10384   724   707   718   823   776   774   810   729   797   722   717   720   676   706   763   871   838   835   821   719   684   711   714
165 178    12685   725   707   721   824   775   771   810   731   797   720   714   719   676   708   763   872   838   837   825   718   682   709   707
169 178    10710   724   709   720   823   777   773   810   732   796   723   718   719   677   707   764   872   838   835   822   722   685   712   710
173 178    11054   724   708   719   823   776   770   810   731   797   721   715   719   675   710   763   872   836   835   821   717   683   709   711
177 178    10316   725   708   719   824   777   773   810   732   795   721   717   720   675   708   764   871   838   836   823   716   681   711   708
181 178    10717   724   708   719   823   776   774   808   733   794   721   716   720   676   709   761   871   838   836   824   719   683   711   711
185 178     8739   725   707   720   822   777   773   810   731   795   722   716   720   675   709   762   871   839   836   823   714   683   711   709
189 178    10061   722   708   720   821   778   773   810   732   798   722   716   721   675   707   761   870   838   835   821   718   682   710   711
193 178     9321   722   709   720   821   778   773   811   732   796   721   717   720   674   708   763   872   837   835   823   714   684   711   709
197 178    13119   724   709   721   823   777   772   811   732   796   723   716   721   676   707   762   871   836   835   823   717   684   709   716
201 178    10740   725   707   720   824   778   774   811   732   794   723   717   718   675   707   763   872   839   836   823   716   685   712   707
205 178    12425   724   707   720   824   777   775   807   731   797   722   717   720   675   707   762   872   838   833   822   717   682   711   714
209 178    11271   725   707   720   824   776   774   810   732   797   719   717   720   675   707   763   871   839   834   823   718   681   712   708
129 182    10839   723   709   717   824   777   771   810   732   798   722   715   720   676   706   763   871   838   835   823   720   685   709   714
133 182    10782   723   709   720   824   777   773   807   732   797   721   717   718   676   707   762   871   837   836   822   718   684   712   708
137 182    10121   724   709   719   826   778   770   811   731   797   722   714   717   676   708   763   872   837   835   823   719   684   708   716
141 182    10098   724   707   720   823   777   774   810   733   797   721   717   719   673   708   763   873   838   836   822   712   684   711   707
145 182     9235   724   709   720   822   777   774   809   732   796   722   717   718   676   708   762   872   838   835   823   722   685   711   712
149 182     9387   725   708   720   823   777   771   810   731   797   722   716   720   675   708   763   871   839   837   822   716   684   710   710
153 182    10379   724   709   720   820   777   773   813   732   796   722   717   719   677   707   761   872   839   834   822   717   683   712   708
157 182     8823   723   709   720   823   776   774   808   731   797   721   717   719   674   708   763   872   838   835   824   719   685   712   714
161 182    10380   724   707   720   823   777   774   809   731   797   722   717   719   675   707   763   873   839   835   823   719   684   711   708
165 182    11001   724   709   719   824   775   773   811   730   797   723   717   719   676   705   763   872   839   835   825   719   682   712   711
169 182     9606   724   709   718   824   777   774   810   730   796   723   717   718   676   707   763   870   839   835   822   717   684   711   713
173 182    14701   725   709   719   824   777   774   811   730   796   720   716   720   674   706   763   871   839   836   822   716   685   710   711
177 182     9132   722   708   719   823   777   772   810   732   795   723   717   719   678   708   763   872   839   834   823   719   681   710   709
181 182     8615   723   708   719   823   776   774   808   731   798   721   717   718   676   707   761   871   838   836   823   715   684   712   713
185 182    10630   721   709   721   824   776   773   811   729   797   722   716   720   676   707   762   869   838   836   823   716   684   711   709
189 182    10469   722   710   721   821   777   771   810   731   797   720   715   720   677   707   761   872   838   835   823   719   684   708   711
193 182     8332   723   709   718   824   778   773   810   732   797   722   717   719   676   706   763   872   838   836   823   718   685   712   709
197 182    10083   724   709   719   824   778   773   811   730   797   722   717   720   676   707   762   872   838   836   822   722   682   711   717
201 182     9572   723   710   722   824   777   773   810   731   797   722   715   718   676   708   762   872   838   836   824   715   683   710   711
205 182     5810   723   711   719   823   778   773   811   731   796   720   715   719   675   707   763   873   838   835   823   718   683   710   714
209 182     8217   724   709   720   823   777   771   811   732   797   723   715   719   677   707   762   872   840   836   825   718   684   710   710
129 186     9813   725   710   718   823   778   775   809   731   796   722   717   719   677   706   763   871   839   835   822   715   682   711   710
133 186     8836   724   708   720   823   778   772   811   732   798   723   717   720   675   708   763   871   837   836   823   719   684   711   711
137 186     7715   722   708   721   824   776   772   811   732   798   723   717   719   675   707   763   871   837   835   822   719   684   711   713
141 186     9303   724   709   720   824   777   775   809   731   797   721   716   718   676   708   761   872   840   836   822   716   684   711   709
145 186     9284   724   708   719   824   777   775   809   730   797   723   717   720   676   706   764   871   839   836   821   720   682   711   712
149 186     9010   723   709   720   822   777   774   808   731   797   723   717   719   676   708   762   873   838   835   823   716   684   712   708
153 186    11427   723   709   719   823   777   774   810   732   797   721   717   720   675   706   761   872   838   837   821   722   685   713   717
157 186     7683   722   708   720   822   777   772   811   732   797   722   717   718   675   708   763   872   837   837   823   716   685   711   708
161 186    12330   725   708   718   824   777   774   810   731   796   723   718   720   676   705   763   872   839   836   822   720   682   712   712
165 186     9626   726   710   719   823   777   773   810   732   796   720   716   720   675   707   763   871   839   837   823   720   683   714   713
169 186    13814   726   709   719   824   776   773   811   732   797   722   716   720   676   707   763   871   839   835   822   717   685   711   715
173 186    10900   723   708   719   824   775   775   810   731   795   722   716   721   676   706   763   871   839   835   823   715   682   711   713
177 186    10307   724   709   722   825   776   773   810   731   796   722   717   717   675   708   762   872   839   836   824   722   683   711   710
181 186     7241   724   710   721   824   778   773   810   731   796   721   716   720   675   708   763   872   840   837   823   720   685   709   714
185 186    10277   724   708   718   824   777   774   810   729   797   722   718   719   676   708   762   870   839   837   822   716   685   712   712
189 186    10771   723   709   720   824   778   774   810   732   796   722   718   718   675   708   762   873   838   836   823   720   683   711   712
193 186     9134   724   707   721   825   777   774   810   732   797   723   717   720   676   708   763   873   837   834   822   713   682   712   706
197 186     6517   724   709   721   824   778   774   812   731   796   723   718   720   676   707   763   872   838   836   823   719   685   712   714
201 186     9902   723   710   720   824   777   773   808   732   796   721   717   719   677   708   763   872   838   836   824   716   682   711   708
205 186     8829   723   707   718   824   777   772   811   732   796   722   717   719   677   705   764   874   840   836   822   720   682   714   713
209 186    11415   724   709   719   822   778   775   809   731   798   722   717   720   677   707   763   872   838   836   823   716   684   712   710
129 190     6834   724   707   720   824   776   774   810   733   797   720   717   720   673   708   763   872   839   837   823   718   683   711   708
133 190     9998   724   710   718   824   777   771   810   732   796   723   716   719   676   707   763   872   838   836   823   719   684   713   714
137 190     9997   725   708   720   825   776   773   811   727   796   723   716   720   675   708   763   869   839   836   823   716   685   712   712
141 190    11891   725   707   721   824   775   773   811   732   798   720   718   719   676   707   762   873   839   834   824   720   681   712   710
145 190    10024   723   710   720   820   778   774   809   732   796   721   717   717   677   709   763   872   839   836   823   715   684   712   712
149 190    10842   724   707   720   824   773   774   811   730   797   721   718   720   675   708   763   870   840   836   823   718   682   712   710
153 190    10575   725   710   720   822   777   774   808   732   798   722   717   720   677   708   764   872   839   837   824   721   684   712   711
157 190    10909   724   709   718   825   778   775   811   730   797   722   720   720   676   704   763   871   839   836   821   715   685   710   708
161 190     9277   724   709   720   823   778   774   811   732   797   722   717   721   676   708   763   872   837   837   823   718   684   712   714
165 190    10698   725   709   719   824   777   774   812   731   797   721   717   719   675   707   763   871   839   835   823   716   683   712   710
169 190    14129   726   708   720   824   778   773   811   732   798   722   717   720   672   709   764   872   839   835   823   718   685   710   713
173 190    13942   726   708   721   825   776   774   811   731   797   723   718   720   675   709   763   872   840   835   823   719   682   710   710
177 190    12687   726   709   720   823   777   774   811   731   797   722   717   718   676   707   762   872   839   837   823   717   684   710   715
181 190    12593   725   707   720   825   777   774   811   733   798   721   716   720   676   708   764   872   840   837   822   719   686   709   712
185 190    10459   725   708   720   825   777   772   811   732   796   721   717   720   675   708   763   873   839   838   823   719   685   710   711
189 190    10687   724   708   720   824   777   775   810   732   797   722   717   720   676   707   763   872   839   837   823   716   685   710   710
193 190     8887   726   708   721   824   777   773   811   730   796   723   716   719   675   708   764   872   838   835   823   718   683   711   712
197 190    11284   726   709   722   823   777   774   811   730   795   723   718   717   677   707   764   872   839   836   822   716   684   711   710
201 190    11942   728   710   721   824   777   772   811   731   796   719   716   719   676   707   760   873   839   836   824   719   684   712   710
205 190     9031   724   707   720   823   777   775   811   732   797   721   718   718   675   708   762   875   839   836   824   717   684   712   710
209 190     7378   724   709   718   824   776   772   812   731   797   722   715   719   676   708   763   872   839   836   822   718   684   710   712
129 194    11034   725   709   721   824   775   775   811   731   797   719   717   720   676   708   764   872   839   832   823   719   680   711   713
133 194    10767   725   709   718   824   777   774   811   729   797   723   717   720   678   707   763   869   839   836   824   715   683   713   710
137 194    11482   725   709   721   824   777   772   811   728   798   722   715   720   677   707   764   871   838   836   821   720   684   709   714
141 194     7134   723   710   718   826   778   773   810   731   797   723   714   720   677   707   763   872   838   836   821   716   683   710   710
145 194    10223   725   708   720   824   776   775   812   730   797   721   718   720   674   708   764   871   839   837   823   719   685   712   713
149 194     6845   723   710   718   823   778   774   809   731   798   723   717   720   676   707   761   873   841   836   823   717   683   711   709
153 194    10156   724   710   721   823   778   774   811   732   797   724   717   717   677   708   760   871   839   836   822   719   684   711   716
157 194    11808   723   709   721   822   777   774   811   732   797   723   719   721   677   708   765   870   839   836   823   715   684   711   709
161 194    12177   725   708   721   824   779   772   811   733   797   721   715   720   674   706   762   873   839   835   824   719   682   710   712
165 194    16789   727   709   719   823   778   774   810   731   797   723   718   720   677   709   763   871   839   837   824   716   683   711   709
169 194    17905   727   710   718   824   779   773   811   733   798   722   718   720   676   707   764   873   838   837   824   720   684   711   714
173 194    16252   727   710   720   825   776   774   811   732   797   722   719   720   675   708   763   873   839   834   820   716   683   712   709
177 194    18238   727   708   721   824   776   775   811   734   798   722   717   720   677   708   763   873   839   837   822   719   684   712   713
181 194    14673   726   707   721   824   777   774   809   732   798   720   717   720   677   708   762   872   839   836   824   716   685   712   709
185 194    12222   726   709   721   825   778   774   811   732   797   723   718   720   676   709   762   872   839   834   823   720   685   712   714
189 194    11612   725   710   720   823   778   774   809   732   798   722   717   719   678   709   760   872   839   835   824   716   684   711   709
193 194     9349   723   709   718   825   778   774   811   730   798   723   716   719   677   706   763   871   838   837   823   722   684   711   716
197 194    10603   725   708   720   825   778   774   812   731   797   721   716   720   677   708   763   871   839   834   823   715   682   713   708
201 194     8722   723   709   721   823   778   774   811   732   797   722   717   719   676   709   763   872   838   834   823   719   683   711   713
205 194     8943   726   710   720   823   779   774   810   732   797   720   716   720   676   707   764   872   839   836   824   716   685   713   709
209 194    10911   726   708   720   825   776   773   810   732   798   721   718   719   676   706   764   872   839   836   824   719   684   712   714
129 198     9339   724   710   719   825   777   772   811   729   797   722   715   720   676   709   764   871   840   835   822   716   685   710   710
133 198    12271   725   709   720   825   777   775   811   732   798   721   718   720   676   708   763   872   840   835   823   720   683   712   713
137 198    10460   725   707   721   825   779   775   812   732   797   721   719   720   676   708   763   873   840   837   824   718   686   712   712
141 198    10861   725   709   717   825   778   772   811   732   797   722   718   720   677   706   764   872   839   837   823   716   684   711   709
145 198    10717   725   710   720   825   776   774   811   732   798   721   718   720   676   709   763   873   840   833   824   721   683   712   714
149 198     8965   724   709   721   825   776   775   810   731   798   722   717   719   676   709   763   873   839   835   823   716   684   712   710
153 198    11198   725   709   719   824   777   775   809   732   797   722   717   720   676   708   764   874   840   836   824   719   684   712   712
157 198    11966   727   708   720   824   778   775   812   731   797   721   718   720   676   708   763   872   838   836   825   716   684   712   708
161 198    19027   726   709   720   823   777   775   808   731   796   722   716   718   676   708   762   872   841   837   823   723   685   712   714
165 198    20471   729   710   721   825   776   775   812   731   798   722   718   720   676   709   764   872   840   837   825   717   683   713   709
169 198    24965   731   710   721   825   778   773   812   731   796   722   717   721   677   708   763   873   839   836   824   720   685   710   713
173 198    23833   729   706   721   824   777   775   811   731   798   722   717   720   677   708   763   873   839   836   824   716   683   712   710
177 198    22995   727   711   721   823   779   775   808   732   796   723   718   721   676   708   763   873   838   837   824   720   684   712   712
181 198    18575   728   710   718   823   779   775   812   732   798   722   716   720   676   705   764   872   837   837   824   716   684   711   707
185 198    15053   726   710   721   824   778   771   811   732   796   723   716   720   677   710   763   873   840   837   824   720   685   709   715
189 198    12690   725   710   719   822   779   775   810   731   799   723   715   720   677   706   763   873   837   837   824   718   684   711   708
193 198    13189   724   711   721   824   778   775   811   733   797   722   717   720   675   708   763   872   840   836   824   721   683   712   715
197 198     8612   722   709   721   825   778   774   811   729   798   724   718   720   677   710   763   869   839   837   824   714   684   711   708
201 198    11245   725   710   718   822   779   774   812   732   797   723   717   720   676   709   762   871   839   836   824   719   685   712   714
205 198     6499   722   710   721   825   778   773   812   731   795   722   717   721   677   709   763   872   839   836   825   718   683   712   710
209 198    10651   726   710   720   825   778   773   811   732   795   723   717   719   677   709   765   871   839   836   823   716   685   710   708
129 202     7987   724   710   718   825   778   775   811   732   797   724   716   720   677   706   763   872   839   837   823   717   684   713   709
133 202    10017   724   709   721   821   778   775   809   731   796   723   719   719   677   709   762   872   837   837   824   720   684   712   713
137 202    11036   724   710   721   823   778   774   811   732   796   722   719   718   676   707   764   873   838   837   823   720   685   712   711
141 202    10018   724   711   721   825   778   774   811   730   797   722   717   720   675   708   764   872   839   835   825   717   684   711   712
145 202    11247   725   709   721   826   776   774   811   732   798   723   718   720   675   708   763   872   838   837   824   719   681   711   714
149 202    12337   725   709   721   825   777   774   811   731   797   722   718   719   675   708   764   872   839   836   823   716   683   712   709
153 202    13512   726   710   721   822   777   775   809   730   796   723   717   719   676   708   764   872   840   836   824   719   684   711   715
157 202    19445   728   709   720   824   778   774   811   731   798   723   717   720   677   708   764   870   840   837   822   717   685   712   709
161 202    22860   729   710   720   825   778   775   812   732   798   723   715   719   675   706   764   872   840   836   821   718   683   712   713
165 202    28788   731   710   721   822   779   775   808   732   797   723   718   719   677   708   761   872   838   837   824   717   684   712   709
169 202    34520   731   710   718   825   778   774   812   731   797   722   717   720   677   707   764   873   838   837   823   718   683   711   711
173 202    29535   731   711   720   824   778   774   811   733   795   723   717   719   678   709   763   873   839   837   824   717   685   712   711
177 202    30928   730   710   721   823   779   774   811   732   795   723   718   719   677   708   764   873   839   837   824   718   684   713   712
181 202    22950   730   710   721   824   778   774   812   732   797   723   716   720   677   707   763   873   840   836   823   721   684   711   714
185 202    15429   724   711   721   825   778   775   812   731   796   723   717   720   677   708   763   874   841   837   824   714   684   712   711
189 202    13721   726   710   720   825   779   773   811   732   797   722   715   720   677   706   762   873   839   836   824   717   684   709   712
193 202     9550   723   710   720   823   779   774   812   731   795   722   717   719   677   708   763   872   839   836   822   717   684   711   712
197 202     9445   725   710   721   824   778   775   811   730   796   723   718   719   677   708   763   872   838   837   824   717   684   712   709
201 202    11168   727   709   721   824   779   774   811   732   797   722   717   718   677   709   763   873   840   837   824   721   684   712   713
205 202    10123   725   708   721   825   778   775   809   732   798   722   718   720   677   709   762   873   839   833   823   716   681   712   709
209 202     7186   724   707   722   823   778   774   810   732   797   723   718   719   677   708   761   872   839   836   824   720   684   712   712
129 206    10372   723   710   722   824   778   774   813   732   797   723   718   718   677   708   764   872   839   835   824   715   683   712   710
133 206     8270   724   708   721   825   778   775   812   731   798   723   718   720   677   709   764   872   839   838   824   719   685   711   714
137 206    12932   725   710   720   823   778   775   811   730   797   723   717   719   677   708   765   871   839   837   824   717   684   712   711
141 206    12180   726   709   719   825   778   773   811   732   797   721   717   721   676   705   764   873   839   834   824   718   685   709   711
145 206     8725   725   710   721   825   778   775   811   732   797   722   718   720   676   709   763   873   839   835   824   720   684   712   713
149 206    10056   724   708   721   822   778   775   811   733   798   723   718   719   676   709   761   873   841   835   824   716   685   712   709
153 206    15751   727   709   721   825   777   775   811   732   798   720   718   720   676   708   763   872   841   835   824   720   681   713   717
157 206    21425   726   710   722   824   779   776   811   732   795   723   718   721   677   709   764   873   838   837   824   715   684   712   710
161 206    27607   730   709   721   825   779   775   812   733   798   721   719   721   677   709   764   872   840   833   823   719   681   711   714
165 206    33957   732   709   721   823   775   775   808   732   797   721   717   720   677   708   760   872   839   834   824   718   684   712   711
169 206    39307   733   711   722   825   778   775   812   732   796   723   718   721   676   708   764   872   835   837   824   715   684   712   711
173 206    40746   733   711   721   825   779   775   811   733   798   722   718   720   676   708   764   874   840   836   825   720   684   711   713
177 206    38722   731   711   722   825   779   775   812   729   797   722   718   718   678   709   763   871   840   837   824   715   684   711   709
181 206    27469   730   711   720   825   779   773   812   732   798   723   718   720   676   707   763   873   839   836   824   719   684   711   714
185 206    22529   729   710   719   823   779   775   812   731   797   723   717   720   677   708   762   873   841   836   824   718   685   709   711
189 206    15247   728   706   721   824   778   775   808   733   797   721   719   721   677   709   762   873   840   836   825   717   681   712   710
193 206    10724   726   710   721   823   778   775   810   732   797   723   718   720   677   708   763   873   840   836   825   719   683   712   714
197 206     8588   721   710   721   824   778   775   812   732   796   723   718   715   678   709   762   872   840   836   824   715   685   712   711
201 206     9302   725   707   721   825   777   776   812   732   798   719   717   720   672   709   764   872   840   837   824   719   682   712   714
205 206    10921   725   710   721   824   779   773   812   732   797   723   718   720   677   707   763   874   837   837   825   716   685   712   710
209 206     7777   723   709   720   825   778   776   812   733   796   722   716   723   677   709   764   873   839   837   823   718   684   711   713
129 210    10963   726   710   721   823   778   775   811   732   797   723   718   720   676   708   764   872   840   836   825   716   684   712   709
133 210     8363   727   710   721   825   778   775   812   732   796   723   718   719   677   709   763   873   837   838   825   719   684   712   715
137 210     8263   725   710   721   822   779   775   813   732   797   723   718   718   678   709   762   872   838   836   824   718   684   712   713
141 210     4603   721   710   720   824   778   772   812   732   798   723   717   719   677   707   764   872   840   837   824   717   684   710   712
145 210     9579   724   708   721   825   778   775   811   733   797   724   718   720   677   709   763   873   840   836   824   720   684   712   713
149 210    14622   726   710   718   825   779   773   812   733   797   723   716   721   677   705   764   873   840   837   823   718   684   711   709
153 210    17709   726   710   720   826   779   773   812   732   796   723   717   719   677   707   763   872   843   837   823   717   685   710   712
157 210    19271   728   710   719   825   776   772   812   732   797   723   717   721   677   706   764   873   840   837   824   720   684   710   714
161 210    28650   730   711   721   824   776   775   810   733   798   723   718   719   676   709   761   871   841   837   824   717   684   712   710
165 210    38379   734   711   721   824   776   775   811   731   797   722   719   719   676   709   765   873   838   837   824   718   685   711   710
169 210    40625   731   711   720   826   779   775   813   731   798   723   717   719   677   710   764   871   841   837   824   719   685   712   714
173 210    39691   732   709   721   824   778   776   811   732   797   721   718   719   677   709   763   873   840   834   824   716   684   712   709
177 210    42954   734   711   721   824   778   775   811   732   798   723   716   720   677   708   764   873   841   837   822   720   685   712   714
181 210    31217   732   710   721   825   776   775   812   731   798   721   718   720   673   709   764   875   840   837   825   716   684   712   710
185 210    20442   728   709   718   825   779   773   812   732   798   723   715   720   677   706   764   873   839   837   822   721   685   707   716
189 210    13999   725   710   721   826   778   775   812   733   796   723   718   720   678   709   763   873   838   837   824   716   684   712   710
193 210    12899   725   710   719   826   780   775   812   732   798   723   714   721   677   708   764   873   839   837   824   720   685   711   715
197 210     8903   725   708   719   825   777   776   812   731   798   722   718   720   672   707   764   872   840   837   824   715   681   711   709
201 210     8996   724   710   721   825   777   776   811   731   798   722   716   720   677   708   764   872   840   836   823   719   685   713   715
205 210     7841   724   709   721   825   778   774   812   732   797   723   718   720   677   708   764   873   840   836   824   717   684   713   710
209 210     7969   724   708   721   825   778   772   812   732   798   720   718   720   676   707   764   873   840   835   823   718   685   711   712
129 214     9269   725   709   723   825   779   777   812   729   798   722   717   720   674   708   764   870   840   836   824   716   684   713   710
133 214     8723   724   709   721   825   776   776   812   734   798   723   718   720   675   709   763   872   840   838   824   717   684   712   711
137 214     7847   725   710   721   820   778   775   811   733   799   723   718   717   677   708   764   873   841   837   825   721   684   712   712
141 214    12704   726   709   721   825   777   775   812   731   798   722   718   720   676   709   764   873   841   836   824   716   683   713   710
145 214    11964   726   710   721   824   779   775   812   733   798   720   718   716   676   709   764   874   841   837   824   721   683   712   714
149 214    14801   727   706   721   824   778   775   812   732   797   722   719   719   676   708   762   873   842   838   824   715   683   713   709
153 214    15419   726   709   721   825   779   775   811   732   796   721   718   720   677   709   764   873   839   836   825   719   683   712   713
157 214    21445   727   712   721   825   779   775   812   733   797   722   717   720   678   708   764   874   840   837   824   716   682   713   711
161 214    23902   729   711   719   825   778   774   812   732   797   721   718   719   677   707   763   873   841   837   824   720   685   708   715
165 214    30817   731   711   722   825   777   774   812   730   797   723   717   721   676   708   764   873   840   836   825   716   684   710   708
169 214    42528   734   711   722   825   778   775   813   730   798   723   720   720   677   708   764   869   840   835   823   720   684   712   714
173 214    41785   735   712   722   823   777   775   810   733   798   725   718   720   677   709   763   873   840   836   825   717   684   712   707
177 214    38680   734   709   722   825   778   776   812   733   799   723   718   720   677   709   765   873   840   833   824   718   685   712   712
181 214    31430   728   710   722   823   779   776   811   733   791   723   718   719   677   707   763   873   837   837   825   719   684   712   714
185 214    21193   728   710   721   824   780   776   806   732   797   725   718   720   678   709   760   873   840   837   824   715   682   712   710
189 214    15695   727   710   721   825   777   776   812   732   798   723   719   720   676   708   764   874   841   838   824   721   683   713   715
193 214     9919   725   710   718   826   779   773   814   733   797   722   718   721   677   709   764   874   839   836   824   715   685   708   708
197 214    12696   726   710   720   825   779   776   811   732   798   723   718   720   678   709   764   872   841   836   823   719   685   712   714
201 214     8574   725   703   720   826   779   773   812   732   798   722   719   721   677   706   764   873   840   836   825   716   680   712   709
205 214     9302   724   710   720   822   778   775   812   733   794   722   718   721   676   709   764   872   838   837   825   719   684   712   713
209 214     9130   724   711   721   824   779   776   812   732   797   722   717   719   677   709   763   873   840   837   823   719   684   713   712
129 218     9617   725   710   720   825   778   776   812   731   797   723   718   720   677   708   764   873   841   837   820   716   685   711   709
133 218     9373   722   710   722   825   779   775   810   732   793   722   718   720   677   708   763   874   838   838   825   719   684   712   714
137 218     7736   724   709   722   825   779   775   812   733   797   723   718   721   678   706   764   872   839   837   825   716   685   712   709
141 218    13793   726   710   721   825   778   773   812   733   798   723   717   720   677   708   764   873   842   837   821   720   684   712   714
145 218     9917   726   711   721   825   778   772   812   730   797   723   718   720   677   709   764   872   841   837   825   716   685   712   709
149 218    11739   726   710   719   824   779   775   811   732   797   723   717   718   678   707   763   874   840   837   825   719   685   707   714
153 218    16713   728   710   721   821   778   776   812   731   798   723   717   720   677   709   763   873   840   837   823   718   684   712   710
157 218    17759   728   710   721   821   779   776   812   732   798   723   719   717   677   709   764   874   840   837   823   715   684   713   708
161 218    25573   729   711   721   824   779   776   812   732   798   722   718   718   678   708   763   874   841   836   825   721   684   712   709
165 218    29608   730   711   723   824   779   775   812   732   797   723   716   713   677   710   764   874   840   837   822   715   685   711   710
169 218    34381   733   710   722   824   775   775   808   732   797   723   718   721   675   709   763   873   840   836   825   721   683   712   714
173 218    34804   733   710   717   826   778   774   812   732   798   723   717   720   678   705   764   874   841   837   824   716   684   708   709
177 218    31075   730   711   721   820   779   776   812   733   795   723   719   719   677   708   767   874   840   837   824   719   684   712   712
181 218    25916   730   710   721   822   778   776   811   732   799   723   718   720   677   709   758   873   840   837   825   720   684   712   711
185 218    18534   728   710   722   825   779   775   812   731   798   723   718   720   677   707   764   872   841   838   821   717   684   712   711
189 218    13062   727   710   722   825   778   776   813   733   798   723   716   719   677   708   764   873   840   837   823   720   684   711   714
193 218    14291   727   710   718   825   778   776   813   731   798   723   715   720   677   708   764   872   841   837   824   716   684   714   709
197 218     9385   724   708   721   823   779   775   812   733   798   719   719   715   677   709   764   874   840   837   825   721   683   712   715
201 218     6894   725   710   721   826   779   776   812   729   798   723   719   721   678   708   764   874   840   838   824   716   684   712   709
205 218     9289   725   709   720   823   779   776   812   730   798   723   718   720   677   708   764   871   841   837   827   719   684   712   715
209 218    12048   725   710   719   824   778   776   812   732   798   723   718   719   678   706   763   873   840   837   824   717   684   712   710
129 222    11729   721   710   722   830   778   775   813   732   796   722   718   718   677   709   765   874   839   837   824   717   684   712   712
133 222     9719   725   710   721   821   779   776   813   732   797   723   719   719   676   708   763   873   837   837   825   719   684   713   713
137 222     9952   727   710   721   820   779   776   815   732   798   723   718   720   677   709   758   873   840   837   825   717   684   712   706
141 222     6727   724   710   722   822   779   776   810   732   799   723   718   721   678   709   760   873   840   836   825   721   684   712   714
145 222    10643   725   710   721   825   779   775   813   732   798   723   718   721   678   705   764   873   840   838   824   716   684   713   711
149 222    11841   726   709   721   824   777   776   812   734   798   725   718   720   676   709   764   873   841   835   824   719   685   713   714
153 222    11405   727   710   722   824   779   775   813   733   797   722   719   721   677   708   764   874   838   838   824   719   685   710   713
157 222    14101   726   705   718   826   779   777   812   732   797   723   718   721   680   706   764   875   841   837   824   715   681   709   710
161 222    18826   728   710   721   825   779   774   810   731   798   723   719   720   677   709   764   872   840   837   824   722   685   713   716
165 222    21014   728   709   722   826   778   773   812   733   798   723   718   720   677   707   765   873   840   840   825   716   683   712   709
169 222    29119   731   709   722   826   779   777   812   732   798   722   720   720   677   709   764   872   840   838   824   719   685   712   714
173 222    23961   728   711   720   824   780   775   812   732   797   723   716   718   677   708   764   873   840   838   824   718   684   711   714
177 222    22924   729   710   722   826   774   776   813   732   799   722   718   720   677   709   764   874   841   837   825   716   684   712   712
181 222    20919   729   710   720   825   779   774   812   732   799   723   716   720   677   707   764   871   842   838   825   720   685   711   715
185 222    13997   727   710   720   826   780   775   812   733   797   723   718   720   678   704   764   873   840   837   824   716   684   711   710
189 222    10956   726   709   722   825   777   776   812   732   798   722   719   720   678   709   765   873   841   835   825   720   685   712   716
193 222    10606   726   708   722   825   778   776   813   732   798   723   719   721   670   708   764   873   840   837   825   715   684   712   709
197 222    10581   725   710   722   825   778   776   812   732   799   725   719   720   677   710   764   874   841   833   824   721   684   712   715
201 222     9478   725   710   722   822   778   776   813   732   797   720   718   719   676   709   764   873   841   835   824   715   684   712   709
205 222     9258   725   710   722   824   778   775   810   732   798   723   718   720   678   707   763   874   841   837   825   719   685   712   711
209 222    12254   727   710   722   825   779   775   812   732   798   721   718   721   677   709   764   874   840   837   825   719   686   712   710
129 226    10671   726   711   721   825   779   776   812   732   799   722   718   720   677   709   765   874   841   837   825   719   684   712   714
133 226    12382   726   710   721   825   780   775   812   731   797   723   719   720   677   709   764   873   841   838   824   718   685   713   712
137 226    11472   725   711   720   826   779   775   812   732   797   723   717   721   678   708   764   874   840   837   825   719   684   708   712
141 226     9469   725   710   721   825   775   775   813   730   799   723   719   720   677   709   764   871   841   837   826   719   684   712   714
145 226    12352   726   710   721   825   779   776   813   732   798   723   716   720   677   707   765   874   841   837   823   716   685   712   709
149 226    10698   726   709   722   825   777   776   813   731   798   722   718   720   675   709   765   873   841   837   825   720   677   712   716
153 226     5649   722   710   721   824   779   776   812   732   795   723   718   718   677   708   763   873   838   837   825   715   685   712   709
157 226     8732   725   710   717   823   779   774   813   733   798   723   718   721   677   709   765   873   842   838   825   719   684   704   714
161 226     9221   725   708   721   827   777   776   812   732   796   722   719   718   677   709   763   873   841   837   825   718   684   712   712
165 226     8591   725   710   722   824   779   776   805   732   798   722   719   721   678   710   763   872   841   837   825   716   684   712   713
169 226    12260   728   708   721   826   779   776   812   732   797   722   719   721   677   709   764   874   837   837   825   720   685   713   715
173 226    13358   724   710   721   822   780   776   812   733   799   723   718   718   677   709   764   873   840   838   824   716   685   713   710
177 226     7483   725   709   723   826   779   775   812   731   797   722   716   720   678   709   765   873   841   838   823   720   684   714   715
181 226     7558   723   709   721   825   779   775   813   732   796   722   719   719   674   709   764   873   841   837   825   716   685   712   710
185 226     8649   725   708   722   826   778   776   813   733   798   723   719   720   676   709   762   872   841   839   825   720   679   713   710
189 226     9170   725   709   721   825   778   775   812   729   798   722   719   720   674   708   764   870   841   837   825   716   682   712   711
193 226     6009   724   709   721   825   780   776   813   731   797   723   719   720   673   709   764   874   841   837   824   718   684   712   713
197 226     8969   725   710   721   826   779   772   813   733   797   723   718   721   678   705   765   873   839   839   825   720   685   712   715
201 226    10590   726   711   721   825   777   775   812   732   798   723   718   721   676   709   765   874   841   838   826   715   684   712   711
205 226     9748   725   710   722   825   778   776   814   732   799   718   718   720   677   709   764   875   841   838   824   719   685   712   715
209 226     8627   725   710   722   825   779   776   813   733   798   724   718   720   675   709   764   873   840   837   825   717   682   712   710
129 230    11186   725   711   721   825   778   776   813   733   796   724   718   721   673   709   764   873   837   836   825   717   685   712   710
133 230    10842   725   709   722   828   776   776   813   732   798   723   718   719   674   708   765   874   839   838   825   721   683   712   714
137 230     9285   728   708   722   825   779   776   812   733   795   722   718   720   676   708   764   873   840   837   825   717   678   712   711
141 230    10188   726   711   722   825   778   768   813   734   799   724   718   721   676   709   764   872   840   837   824   720   684   712   714
145 230     8183   725   709   720   824   779   772   812   733   798   723   719   720   677   706   764   874   840   838   826   716   684   711   713
149 230    10420   726   710   721   826   780   774   813   732   799   723   718   720   677   707   764   873   840   837   826   714   684   712   709
153 230     7794   716   710   721   826   780   776   812   733   797   723   719   719   677   709   764   874   840   837   825   719   685   712   714
157 230     7929   725   711   720   825   779   774   813   734   798   723   718   721   676   708   764   872   841   836   822   717   685   711   712
161 230     8876   725   711   722   825   774   775   813   732   799   723   719   720   674   709   764   873   842   838   825   716   683   712   710
165 230    10258   726   711   721   825   780   775   813   733   798   722   718   717   678   710   765   875   839   838   825   720   684   712   715
169 230    11055   726   712   722   825   779   776   805   732   799   718   719   720   677   709   761   874   841   836   825   716   685   711   710
173 230     9520   726   711   722   826   779   776   813   732   798   723   719   719   677   709   764   874   839   836   826   719   685   713   711
177 230    10488   727   711   721   825   780   777   813   734   798   724   721   720   678   710   764   877   841   836   825   719   683   711   716
181 230     8940   725   709   721   824   779   776   813   733   798   723   714   721   678   709   762   873   840   838   823   715   684   711   708
185 230     7884   725   709   720   825   779   773   813   733   799   722   720   721   679   704   764   873   841   838   824   719   683   710   715
189 230    11925   726   711   722   826   780   776   813   732   798   724   719   720   678   709   759   875   840   837   825   717   685   712   708
193 230     8519   725   711   722   824   779   776   814   732   799   723   719   722   678   708   760   874   841   839   825   719   681   712   714
197 230    10811   724   710   720   825   779   775   812   732   797   724   719   720   677   709   764   874   839   837   821   719   684   712   714
201 230     8594   725   710   721   825   779   774   813   733   797   724   719   721   678   708   764   873   841   838   824   717   684   712   711
205 230    11099   726   710   721   826   780   773   813   732   798   723   717   720   678   702   764   874   841   837   825   720   685   710   714
209 230     8879   725   705   722   825   779   776   813   734   799   722   718   721   675   709   764   873   841   836   825   716   684   712   709
129 234    11264   726   711   722   826   779   776   812   732   798   715   718   721   677   709   765   873   841   839   825   719   684   711   711
133 234     9650   726   711   722   825   778   775   810   731   799   722   719   720   675   709   763   875   841   839   826   721   684   712   715
137 234    11829   727   710   722   825   778   774   810   733   798   722   718   720   678   704   765   873   841   838   825   718   685   713   710
141 234    10732   723   710   721   825   779   776   813   734   795   723   718   721   674   709   764   872   841   837   825   718   684   712   712
145 234    12735   725   709   722   825   780   775   813   733   799   719   719   721   677   709   764   873   841   838   825   720   687   712   715
149 234     8114   727   709   722   826   779   776   813   733   798   723   718   721   677   709   764   874   840   835   825   716   684   713   709
153 234    10776   726   710   722   825   780   775   813   729   799   723   717   720   678   709   764   869   838   838   827   721   685   712   714
157 234    11991   726   711   722   816   780   773   813   733   798   724   719   720   677   708   764   873   841   837   826   716   684   713   712
161 234     8139   726   710   722   826   780   776   813   731   799   722   718   720   675   709   764   873   841   838   825   717   683   712   711
165 234    10716   727   711   722   826   779   775   813   733   798   724   713   721   677   710   764   872   841   838   822   720   684   708   715
169 234    10809   727   710   722   823   780   776   812   733   790   722   719   717   677   709   764   873   842   837   825   717   685   713   712
173 234    10753   723   711   722   828   780   776   813   733   798   723   719   706   678   709   764   874   841   838   825   717   684   712   714
177 234     8353   725   711   722   826   780   777   811   733   795   723   718   720   678   709   764   874   840   838   825   720   684   712   714
181 234     7358   724   710   722   826   779   776   813   733   798   721   719   721   677   709   763   874   841   835   825   716   685   713   708
185 234     8489   725   710   722   825   779   776   813   733   798   725   718   721   677   709   765   877   841   830   825   720   685   712   714
189 234     8426   725   700   721   826   778   774   812   732   799   724   719   721   678   709   764   874   840   837   822   720   683   713   714
193 234     9551   725   710   722   823   780   776   813   733   798   723   712   719   678   710   764   874   841   838   824   717   685   713   709
197 234     7069   725   708   721   825   778   775   812   733   799   723   719   722   677   710   765   874   841   838   825   720   687   712   714
201 234     8262   725   706   721   827   779   776   813   733   798   722   719   721   677   710   765   874   841   837   825   719   681   713   713
205 234    10060   727   712   722   825   779   776   813   733   800   719   719   720   678   710   763   874   836   837   825   716   686   712   713
209 234     9242   725   710   721   823   780   775   814   733   798   723   719   719   677   708   761   874   840   838   824   720   685   712   713
129 238    13036   727   710   722   825   780   775   814   733   798   723   719   720   677   707   764   874   842   838   825   719   685   712   715
133 238    12765   727   711   722   826   779   776   813   733   798   723   721   721   677   709   764   873   841   838   815   717   685   711   711
137 238     8573   726   711   722   826   778   776   813   733   798   724   719   720   675   710   764   873   841   838   825   719   684   712   713
141 238     8741   727   710   721   825   780   776   813   733   794   723   719   721   678   709   764   874   841   837   825   721   685   713   715
145 238    10936   726   709   722   824   778   775   812   733   796   720   719   721   678   709   764   873   839   838   826   717   686   712   711
149 238     5735   724   710   722   825   780   777   815   733   797   723   718   720   678   708   759   874   839   839   826   717   684   711   708
153 238    12873   728   711   722   825   780   776   813   733   799   722   719   720   677   710   764   875   843   837   826   720   686   712   714
157 238     7374   726   709   721   825   779   776   815   732   799   723   719   720   677   710   759   875   841   837   824   717   685   711   709
161 238     9076   723   710   720   828   780   776   813   732   798   723   718   714   678   710   764   875   841   838   826   716   685   711   710
165 238     6973   725   711   722   825   777   775   813   731   799   723   719   721   677   710   764   876   840   838   825   719   683   713   716
169 238     8956   723   710   722   826   779   775   814   733   796   723   721   720   677   708   762   874   840   838   820   718   683   712   712
173 238     9611   726   711   721   825   779   776   813   733   797   723   718   719   678   709   754   874   842   838   826   716   685   713   708
177 238     8790   726   710   720   825   779   776   813   733   798   724   714   720   677   711   766   874   841   837   823   720   684   711   716
181 238     9412   726   710   721   825   779   776   810   733   798   723   719   721   678   709   762   874   841   836   825   717   683   713   710
185 238     9720   725   711   722   825   780   777   812   733   799   724   719   720   677   709   763   874   842   836   825   717   684   713   710
189 238    11456   726   711   722   827   780   775   813   732   798   724   720   720   678   709   765   874   841   837   825   719   684   712   715
193 238    11650   728   710   722   826   779   777   813   733   794   723   719   721   678   709   765   873   840   838   826   715   684   712   710
197 238     8447   726   710   722   825   777   776   814   732   799   722   719   721   676   709   765   873   841   837   826   721   683   713   715
201 238     9036   721   712   722   825   778   776   813   732   798   723   719   719   679   709   764   874   840   838   825   716   683   712   711
205 238     6199   725   711   722   823   779   776   813   733   795   724   719   720   678   709   764   873   840   838   826   717   684   713   710
209 238     8256   726   711   722   826   780   773   813   733   799   725   718   721   678   706   764   875   842   837   825   720   685   712   713
129 242    10951   727   711   722   825   780   777   812   733   799   723   719   720   677   709   763   873   841   840   824   720   685   713   714
133 242    10462   725   710   722   827   780   773   813   732   798   724   719   720   678   709   764   874   837   838   821   718   685   713   712
137 242     7144   723   709   722   825   780   776   814   733   798   723   719   720   678   710   764   874   840   838   826   716   684   712   711
141 242    10023   726   711   721   826   779   774   813   733   798   723   714   721   678   709   764   873   841   838   821   719   684   711   713
145 242     9943   726   710   723   826   779   776   813   727   798   722   718   721   678   708   765   869   841   838   826   718   684   712   712
149 242    11262   727   710   722   826   778   776   813   733   799   720   719   720   677   710   764   874   841   837   825   716   681   712   709
153 242     9489   725   710   722   825   780   776   809   733   799   723   719   716   677   709   764   874   842   838   826   721   685   713   714
157 242    10340   724   710   722   828   779   776   813   732   798   723   718   716   678   710   764   874   841   838   826   717   684   712   713
161 242    11474   727   708   722   826   779   776   814   732   799   722   719   720   676   708   765   872   841   837   827   716   681   711   710
165 242    10516   726   711   722   825   779   773   813   733   798   723   718   721   677   707   765   875   841   838   825   720   684   713   714
169 242     8437   723   710   721   825   779   777   814   732   798   723   719   721   677   710   762   874   841   838   825   720   684   713   715
173 242    10160   722   710   722   825   779   776   815   734   798   722   719   721   677   709   764   873   842   838   825   715   684   711   710
177 242     9836   726   711   722   825   779   776   811   730   799   724   719   720   678   708   763   871   841   837   825   719   685   712   712
181 242     8490   726   709   723   826   780   777   813   730   798   723   719   720   677   709   764   872   842   839   827   719   685   713   715
185 242    11743   724   707   722   825   779   776   813   733   798   720   719   719   679   709   765   874   841   839   825   714   682   713   709
189 242     8556   725   710   722   825   780   777   815   733   796   723   719   721   678   709   759   874   842   838   825   720   684   713   714
193 242     5822   724   710   721   825   779   770   813   734   795   723   719   721   678   708   764   873   839   838   826   721   685   712   713
197 242    12153   727   711   722   825   779   774   814   733   796   724   719   719   677   709   765   875   839   839   825   718   685   713   711
201 242     8884   726   711   719   826   779   778   813   733   798   724   713   721   678   707   764   873   841   838   824   722   684   708   716
205 242     9193   726   710   717   826   779   774   813   732   799   723   714   720   677   709   765   874   841   838   824   715   684   708   709
209 242     9395   726   711   722   826   779   777   814   732   798   723   719   721   677   709   764   874   841   838   825   720   684   712   715
129 246     7309   726   711   721   826   779   776   813   732   798   722   720   721   676   708   765   874   842   834   824   721   685   712   714
133 246    11381   726   710   722   826   778   776   813   732   798   723   719   719   677   709   765   875   840   837   825   715   685   712   710
137 246    10215   726   710   721   825   779   776   813   734   799   720   719   721   677   709   765   874   841   839   825   719   683   710   714
141 246     7680   724   710   722   825   777   776   813   733   796   722   719   722   674   710   763   874   840   837   825   718   685   713   717
145 246     7704   724   710   722   826   778   777   812   733   800   720   719   719   677   709   764   874   841   837   826   718   684   712   712
149 246     8682   727   710   722   826   779   776   812   733   796   724   719   720   678   709   765   874   841   837   825   717   685   712   709
153 246     7796   726   710   718   826   779   777   813   734   799   724   716   721   677   708   765   873   842   838   824   720   685   711   717
157 246     5582   724   710   722   826   778   776   813   732   799   722   719   721   677   710   765   874   841   835   825   717   684   712   711
161 246     7213   726   711   722   823   780   776   813   732   797   724   719   716   677   710   763   874   841   838   825   717   684   712   710
165 246     9122   727   711   722   826   780   776   814   727   799   724   717   720   677   709   764   869   842   838   825   720   685   712   714
169 246     9605   726   711   721   826   779   777   813   730   799   723   717   721   677   709   765   873   841   837   824   715   685   711   711
173 246    10990   727   710   722   826   775   776   813   734   799   723   720   721   674   709   764   874   842   838   824   719   684   711   712
177 246     9248   726   709   721   826   780   777   813   732   799   721   718   721   677   710   764   872   841   835   825   719   683   712   713
181 246    10591   726   711   722   826   780   776   813   734   799   723   719   721   678   710   765   874   841   839   825   717   685   712   712
185 246     9476   726   710   722   826   777   773   813   733   798   724   719   721   677   709   764   874   841   835   824   720   684   712   715
189 246     9810   727   710   722   826   779   777   813   733   792   723   718   721   673   709   764   874   842   838   826   716   683   713   709
193 246     9042   724   710   722   826   779   777   812   732   797   723   719   720   678   709   763   874   838   839   825   719   683   712   714
197 246     5935   724   711   721   825   780   776   813   732   798   723   719   718   678   709   765   872   842   838   825   718   685   710   714
201 246     5344   724   711   723   826   778   776   814   734   798   721   717   720   678   710   765   874   842   835   823   717   685   712   709
205 246    10750   727   709   722   827   780   776   813   732   799   723   718   721   678   708   764   874   840   838   826   719   682   712   715
209 246     7195   721   710   722   825   779   776   814   733   797   724   719   720   677   709   763   874   840   838   826   717   685   714   710
129 250    10170   725   711   722   825   780   778   814   733   799   723   719   719   678   710   765   874   843   838   826   718   685   712   711
133 250    11753   727   709   722   826   781   777   814   732   799   724   719   721   675   709   764   874   842   836   826   718   682   712   712
137 250     9193   726   710   722   825   780   776   813   733   799   724   719   717   678   708   764   874   841   839   826   722   685   713   716
141 250    11292   726   711   722   826   779   775   814   729   800   723   719   721   678   709   764   872   840   839   825   718   685   714   709
145 250     9796   727   710   722   826   775   777   808   735   798   722   719   720   677   709   762   871   842   838   826   719   685   713   711
149 250     9457   726   710   722   825   779   778   809   733   798   724   718   720   678   701   764   874   843   838   826   721   685   713   713
153 250    11797   727   712   721   826   779   775   813   732   798   720   718   720   677   708   765   874   842   835   826   716   686   712   708
157 250     9147   726   711   720   825   779   777   812   733   797   723   717   720   678   709   762   875   842   838   823   721   685   713   714
161 250     8154   726   708   719   826   780   777   813   733   798   722   716   721   677   706   766   874   842   837   825   718   686   711   713
165 250     9079   725   710   722   827   780   776   813   732   798   723   719   721   678   709   764   874   842   838   825   716   684   712   709
169 250    10955   726   709   722   826   780   777   814   732   799   722   719   721   679   711   765   874   842   838   826   721   683   712   715
173 250     6252   725   712   722   824   779   777   811   733   799   722   719   721   678   710   763   874   842   835   825   717   685   713   708
177 250     9324   727   707   722   826   778   776   813   735   798   723   719   721   677   710   764   873   842   838   825   719   679   714   714
181 250    10035   726   710   722   827   780   776   814   731   799   723   719   721   678   709   765   872   841   838   826   719   685   711   715
185 250    10795   727   711   722   826   773   777   814   731   799   722   719   721   677   709   764   874   842   839   826   716   684   712   709
189 250    12198   724   710   723   825   781   777   813   733   797   723   719   720   678   710   763   873   842   838   825   721   684   712   715
193 250    11601   727   711   723   826   778   776   813   735   798   724   719   721   677   709   764   873   842   835   826   720   685   713   713
197 250     7122   725   710   718   826   779   777   813   733   799   724   717   721   678   711   765   874   842   838   824   716   685   707   710
201 250     9376   720   711   722   827   778   777   813   733   798   721   718   720   678   710   764   875   841   835   826   718   684   713   715
205 250     9750   724   711   722   825   781   777   813   732   799   724   718   720   678   709   764   873   842   837   825   715   684   711   711
209 250    10399   726   709   722   826   779   773   813   733   798   724   719   721   677   709   764   874   841   839   826   716   685   712   711
