! Map center:  195,210
155 170     9764   727   712   723   828   781   776   817   734   802   724   718   721   680   711   765   876   842   840   826   720   685   712   716
159 170     8809   730   713   724   828   782   779   814   734   796   722   721   721   679   710   766   877   846   840   828   720   685   713   719
163 170    10519   729   714   724   827   782   779   816   734   800   720   720   722   678   711   766   876   845   841   829   720   681   712   717
167 170    10820   729   711   723   825   781   778   817   733   800   724   721   721   678   711   761   876   845   839   830   717   685   713   711
171 170    11048   728   712   722   827   782   779   817   735   799   722   720   719   679   712   767   877   845   840   830   715   684   710   713
175 170    11528   729   710   723   825   778   778   816   733   801   723   721   721   676   710   765   877   844   840   828   720   686   714   717
179 170     9866   728   712   724   828   781   779   817   733   800   724   718   721   679   708   766   876   842   841   829   720   684   712   716
183 170     9911   729   712   725   827   780   780   817   735   800   723   720   722   679   710   764   876   845   837   828   718   683   711   713
187 170    12085   729   713   724   824   781   779   816   735   801   721   722   721   679   712   764   877   844   839   828   716   682   712   713
191 170    11567   731   709   723   826   781   779   818   733   798   724   721   721   678   711   765   875   845   840   828   715   685   712   711
195 170    11636   727   710   723   828   782   779   817   735   801   724   719   720   677   710   765   877   843   840   827   716   685   711   714
199 170    10929   728   713   723   827   779   777   818   735   801   722   718   719   680   712   765   877   846   840   829   720   684   711   716
203 170    10787   728   710   723   828   780   779   815   733   799   721   721   720   678   709   767   875   845   842   829   722   681   713   716
207 170    13216   728   712   721   828   778   779   817   731   801   723   719   721   679   711   765   874   845   838   828   720   685   709   715
211 170    11129   730   713   725   828   782   778   818   734   798   725   718   721   679   711   765   875   845   839   829   714   684   711   712
215 170    11177   726   713   719   827   782   781   815   734   801   722   721   718   680   708   766   876   842   839   826   718   683   713   712
219 170    11106   728   713   724   829   780   779   817   734   801   721   720   720   679   709   765   876   846   839   827   720   683   714   717
223 170     8577   728   712   721   826   781   778   819   733   798   724   721   722   679   710   764   876   845   839   826   718   685   714   715
227 170    11843   730   712   724   827   781   778   815   734   797   723   718   724   679   711   765   877   844   840   829   715   686   710   716
231 170     8528   728   710   724   826   782   777   815   734   798   722   721   721   679   711   765   877   845   841   828   716   684   713   712
235 170     7653   727   710   724   827   780   779   817   732   801   723   720   719   678   712   765   875   845   841   830   716   683   712   712
155 174    10709   729   712   719   827   783   776   818   729   803   724   721   720   676   708   766   873   842   841   829   718   685   713   712
159 174     9683   729   712   724   829   781   776   813   734   800   723   720   721   680   710   767   876   843   841   828   719   684   712   716
163 174    12280   728   712   718   828   782   780   816   732   800   724   722   721   679   707   765   874   840   842   827   721   684   715   717
167 174    10480   730   712   723   822   783   780   818   733   801   724   722   721   678   708   760   876   844   839   829   718   686   714   714
171 174    12087   729   711   723   825   782   778   818   734   801   725   721   721   678   709   762   877   844   839   829   717   685   713   714
175 174    10637   727   711   723   829   779   779   816   734   801   723   720   718   678   711   765   877   843   841   828   717   684   713   711
179 174    11043   728   710   723   827   782   779   816   735   800   723   721   718   676   711   768   877   843   840   827   718   684   713   713
183 174    12707   729   712   723   829   783   781   815   733   801   720   720   720   678   709   765   876   845   839   828   718   682   713   716
187 174     9314   730   712   722   829   782   779   816   734   799   724   720   723   678   713   767   875   846   839   826   718   684   713   717
191 174    11392   727   712   723   830   782   777   818   732   800   722   720   719   678   711   766   875   846   841   830   719   683   713   715
195 174    12585   726   710   724   826   783   778   817   734   801   725   723   719   679   711   765   876   845   840   828   717   684   713   712
199 174     7857   727   708   724   829   781   782   815   734   800   724   722   721   676   708   763   876   845   841   827   715   686   713   710
203 174    13549   727   712   724   831   781   780   815   734   801   722   722   717   679   711   766   876   842   840   827   717   684   712   711
207 174    10110   728   712   725   827   780   778   816   734   801   723   721   720   678   711   765   877   844   839   829   718   685   712   716
211 174    10299   728   710   723   826   781   779   814   734   800   722   720   721   678   711   764   877   842   840   827   719   681   713   716
215 174    12869   731   711   724   826   781   779   817   733   799   725   722   723   678   710   763   877   845   841   828   720   685   713   717
219 174     9331   729   708   721   827   779   779   818   732   801   723   721   721   677   709   765   875   845   840   830   719   684   711   716
223 174     8838   729   710   724   827   782   779   815   734   801   725   721   721   680   711   765   877   845   838   828   716   687   713   712
227 174    15063   728   711   724   827   782   779   818   734   801   723   722   718   678   710   768   876   846   841   828   715   683   713   711
231 174    12889   730   712   723   828   781   776   817   733   800   724   720   721   679   711   766   875   844   841   827   717   685   713   711
235 174     9172   728   713   725   828   781   776   815   734   801   723   719   721   679   712   765   877   844   840   827   719   684   711   715
155 178    11816   725   710   723   828   781   781   818   734   800   723   720   718   677   710   764   876   846   840   829   716   685   713   714
159 178     7645   728   712   721   826   781   777   817   732   803   724   721   721   680   710   764   875   843   839   828   717   685   712   714
163 178     9619   729   711   723   825   781   778   816   734   799   724   721   722   677   710   762   877   845   840   829   719   685   713   716
167 178    13081   728   713   721   829   781   779   817   736   801   721   720   720   679   710   766   877   844   841   829   719   681   712   715
171 178    11221   730   711   727   826   784   778   818   734   799   723   720   721   677   712   764   876   844   840   829   720   685   711   719
175 178     9537   728   711   724   828   779   779   817   734   801   722   722   721   680   710   765   876   844   842   826   722   683   714   718
179 178    10197   728   713   720   829   781   779   816   736   801   723   721   720   679   707   766   878   844   841   829   720   685   712   714
183 178    11774   729   715   723   827   780   777   818   732   800   722   721   722   679   711   764   876   846   841   830   718   683   712   713
187 178    12781   731   712   723   827   780   781   817   734   798   723   722   720   678   710   765   876   845   842   828   715   685   712   711
191 178    14191   729   711   723   826   783   778   817   733   800   722   719   720   677   713   763   877   845   841   828   716   682   711   712
195 178    13045   728   712   726   827   782   779   817   733   801   723   719   719   678   710   762   877   843   842   830   718   683   712   714
199 178    14404   732   713   722   827   783   779   817   732   800   719   721   721   678   711   765   874   845   840   828   720   682   714   717
203 178    11634   729   711   723   828   781   779   815   734   800   725   719   721   678   711   766   876   846   840   827   722   686   711   717
207 178    10597   726   711   721   827   782   780   817   731   799   722   719   718   678   708   766   875   844   840   830   719   683   712   713
211 178    10184   730   711   723   827   781   779   817   735   797   723   721   726   678   710   764   877   845   839   829   715   686   712   713
215 178     9081   729   712   722   828   778   780   815   735   801   723   721   721   680   709   766   877   842   843   827   717   685   715   713
219 178     8249   727   711   725   827   782   779   817   736   801   722   719   722   678   712   765   875   846   841   829   715   682   711   712
223 178    11934   729   712   723   827   783   778   816   734   800   722   718   721   678   709   766   876   846   840   828   717   683   711   716
227 178    11413   729   711   723   828   781   778   816   734   800   720   719   722   679   711   766   877   845   839   829   720   685   713   717
231 178    11137   727   712   723   829   784   779   817   735   801   722   717   719   679   709   767   876   845   840   829   719   683   712   715
235 178    12156   730   712   724   827   780   778   815   734   800   724   721   722   678   711   765   875   846   838   828   718   684   713   715
155 182    12694   729   711   723   827   782   779   815   735   800   721   720   718   678   709   766   877   845   840   829   720   682   713   717
159 182    10231   728   713   723   827   781   780   817   736   800   722   720   721   681   708   765   878   846   842   826   716   680   715   715
163 182    12023   727   709   723   828   781   778   816   735   798   724   718   719   677   711   765   878   847   839   829   715   684   713   711
167 182    10702   728   711   722   828   781   780   818   733   800   724   719   721   677   711   765   874   846   840   828   717   685   710   713
171 182    12338   728   712   724   829   779   780   818   735   801   723   720   720   679   709   765   876   844   840   827   720   683   713   716
175 182     9526   728   712   723   827   782   778   817   733   800   724   719   722   680   714   765   875   845   838   830   721   686   709   717
179 182     9925   728   708   724   826   781   780   817   734   800   723   721   720   677   710   765   876   845   840   827   719   685   715   717
183 182    12852   730   711   723   826   780   782   816   733   800   725   720   721   678   710   764   875   845   837   826   718   686   711   714
187 182     9858   728   712   722   827   780   780   816   732   798   724   721   720   678   710   766   875   844   840   829   715   685   713   711
191 182    11961   728   713   726   828   782   780   817   733   800   722   719   719   679   711   765   876   845   841   828   715   684   710   711
195 182    13013   729   711   724   826   781   778   815   735   800   722   721   721   679   711   766   877   843   839   826   719   684   712   714
199 182    12519   729   709   725   828   782   780   818   733   800   723   719   722   676   713   765   877   845   840   828   720   684   711   717
203 182     9722   729   710   723   824   781   780   816   733   800   724   721   722   677   711   762   876   845   839   828   719   685   711   716
207 182     9141   728   710   723   828   780   779   816   736   799   723   719   720   678   707   764   879   843   840   829   717   685   713   715
211 182     9427   725   712   722   830   782   780   817   733   801   722   721   718   679   710   766   875   844   843   829   715   683   713   711
215 182     9080   729   711   723   824   780   779   815   734   800   723   720   722   678   711   762   876   843   837   829   716   686   713   713
219 182    10485   728   711   724   828   784   780   816   734   800   723   720   717   676   711   764   876   846   840   828   719   684   710   716
223 182     9427   727   712   721   828   780   780   818   733   801   725   721   721   679   709   764   875   842   839   829   719   686   714   716
227 182    12220   729   712   724   828   781   778   816   733   803   721   720   721   678   711   765   876   843   841   830   716   683   713   712
231 182    11266   731   710   725   828   784   779   815   734   800   722   719   722   676   711   766   876   846   840   829   717   682   711   712
235 182     7473   729   710   723   825   781   779   817   732   798   724   721   722   678   711   765   877   845   839   829   718   684   713   716
155 186    10063   729   714   722   825   780   778   816   734   798   722   721   721   680   711   765   875   845   841   830   718   682   711   714
159 186     9653   726   710   724   828   780   780   816   735   800   723   723   719   679   711   765   877   843   840   827   720   684   713   718
163 186     9912   726   712   723   825   780   779   817   733   800   722   718   718   679   711   764   875   845   839   829   720   683   710   716
167 186     9694   726   711   724   828   781   780   816   733   800   722   720   719   678   711   766   876   845   841   828   717   683   711   711
171 186     8193   728   710   725   827   781   778   815   734   802   722   718   721   679   710   765   877   843   841   828   717   684   711   712
175 186    10109   730   713   724   828   780   779   816   734   799   724   719   722   680   712   765   876   844   839   827   716   685   711   711
179 186     9627   728   711   723   827   783   776   815   733   802   724   721   721   678   712   764   875   843   842   828   718   685   712   714
183 186     8870   727   712   725   829   782   779   818   733   800   721   719   719   678   709   765   875   844   842   830   720   682   711   718
187 186    10910   728   712   724   827   780   779   817   734   799   721   721   722   679   711   765   876   845   840   825   721   683   714   717
191 186    10558   727   710   724   826   782   779   817   734   801   722   718   721   676   710   764   876   844   841   830   718   683   711   716
195 186    12252   729   710   721   829   783   781   818   733   801   723   721   720   678   707   765   876   845   841   828   717   684   713   711
199 186    12110   726   710   722   828   783   778   818   734   801   723   718   718   678   712   765   877   846   841   829   716   685   712   713
203 186     9915   731   712   725   829   783   779   816   735   796   723   722   722   678   710   766   877   846   840   826   717   684   710   715
207 186    12880   730   709   720   826   782   778   819   731   800   723   720   721   675   709   764   873   843   839   828   720   686   714   717
211 186     9921   729   712   721   828   779   779   816   733   800   723   720   720   678   708   764   874   845   841   830   721   685   713   717
215 186    10715   730   712   723   829   781   778   817   735   800   722   720   721   679   713   767   877   843   841   826   718   683   713   715
219 186    10515   727   712   722   828   782   778   816   733   800   722   719   719   679   714   768   875   846   841   827   717   684   712   713
223 186     9370   729   709   723   826   782   779   818   735   797   725   720   720   679   710   763   878   845   838   829   717   686   712   710
227 186    11736   728   711   724   827   780   781   817   734   801   725   720   720   677   709   765   876   846   838   829   717   684   713   714
231 186    13081   728   712   725   826   781   778   816   735   799   725   719   721   679   708   764   877   847   839   828   719   685   713   718
235 186    11699   728   712   724   826   782   781   816   734   800   722   720   720   678   712   763   878   842   842   829   720   683   711   718
155 190    12453   730   710   724   826   781   779   818   735   800   724   720   722   679   712   763   876   843   839   828   722   685   713   718
159 190    10136   728   710   723   828   779   779   816   732   800   722   720   718   678   711   765   875   846   841   828   719   684   711   714
163 190    12450   728   711   723   829   783   779   817   732   800   722   720   719   677   710   766   875   844   840   827   717   683   714   711
167 190    10904   728   710   723   829   781   780   815   734   801   724   721   720   676   710   766   876   846   840   829   717   686   713   712
171 190    12462   730   711   720   826   779   779   819   732   799   722   720   722   679   709   764   875   845   841   829   719   685   714   713
175 190    11020   729   713   724   828   780   778   815   736   802   722   719   721   680   711   765   877   846   841   829   720   684   711   715
179 190     9963   729   712   724   829   782   778   815   734   800   723   720   721   678   710   766   877   845   839   826   719   686   713   717
183 190    11374   729   713   724   828   779   777   815   734   800   723   719   719   679   711   765   877   844   839   827   717   684   714   713
187 190     9744   726   711   723   828   781   778   816   732   800   723   719   719   679   712   765   874   845   840   828   715   683   709   709
191 190    12224   729   711   724   828   781   778   816   732   800   724   722   720   678   711   766   875   844   840   829   717   685   713   711
195 190    13382   727   712   721   827   782   781   816   733   801   723   721   717   679   710   765   876   847   841   831   717   683   713   713
199 190    12184   729   710   722   828   781   780   818   734   801   721   720   718   677   709   766   875   846   841   828   717   682   713   711
203 190    11342   726   711   722   828   782   780   816   732   799   723   720   720   677   709   765   875   844   841   830   718   685   713   712
207 190    13508   728   713   724   827   782   780   816   734   801   722   721   721   679   711   762   877   843   840   828   719   682   711   718
211 190     9576   729   710   723   826   783   779   816   732   801   721   721   720   677   711   765   875   845   842   829   719   683   713   716
215 190     9472   728   712   723   828   781   778   817   734   800   721   719   723   679   711   766   876   844   840   831   717   683   711   711
219 190     9902   728   711   724   827   782   778   816   733   798   724   721   720   679   709   765   877   845   839   829   715   684   714   712
223 190     9943   728   711   724   826   780   780   816   732   800   723   722   721   678   711   765   876   846   840   829   717   685   714   710
227 190    11296   730   710   724   827   781   780   815   734   799   723   721   722   679   709   767   876   845   840   829   718   684   714   713
231 190    12532   729   711   724   828   781   781   817   734   800   724   720   720   677   711   766   875   845   837   831   720   684   714   717
235 190    14706   728   711   723   829   782   781   817   734   801   723   721   718   679   708   766   878   844   841   828   720   683   712   717
155 194    10389   729   710   724   828   781   779   814   735   799   725   721   721   679   711   766   875   845   836   827   719   683   712   716
159 194     8495   729   710   724   827   781   778   816   733   797   724   722   721   679   711   765   876   845   841   825   717   685   714   714
163 194    13253   729   712   723   828   780   777   814   734   803   724   719   721   679   711   765   877   843   840   828   716   684   712   712
167 194    13165   728   711   725   828   782   779   817   734   800   721   719   721   680   711   766   877   845   840   829   718   682   709   716
171 194    12660   730   708   721   827   781   780   817   731   800   723   720   720   675   708   763   873   846   840   829   721   684   712   716
175 194    10420   728   711   724   829   781   780   816   734   801   722   720   722   677   712   765   877   845   839   828   718   682   712   715
179 194    11211   729   713   723   827   781   779   816   734   799   724   719   721   679   713   765   877   844   839   829   716   684   712   712
183 194     9069   729   712   723   829   782   779   818   733   799   723   719   722   678   708   764   874   846   841   828   716   685   710   711
187 194    11963   725   711   721   827   780   778   817   732   801   723   721   717   680   711   765   875   843   839   830   716   684   713   709
191 194    12164   729   709   724   828   780   779   815   735   802   722   722   721   676   711   767   877   844   841   825   719   684   713   715
195 194    12548   729   711   724   829   783   779   817   734   799   725   719   720   679   710   767   876   844   842   829   718   684   713   717
199 194    11840   729   710   723   828   781   776   817   733   801   723   720   721   678   710   766   878   845   840   831   718   683   714   718
203 194    11763   727   711   723   829   780   780   815   734   801   723   721   719   678   709   766   875   847   840   829   717   684   713   711
207 194    11126   728   709   723   825   780   780   815   732   800   724   721   720   680   711   766   876   844   838   830   716   686   713   710
211 194    11468   728   712   724   825   782   780   817   734   800   722   719   719   680   709   766   877   842   841   829   717   684   712   711
215 194    10773   730   712   723   826   777   780   814   733   800   723   720   721   679   711   765   876   844   838   830   718   684   713   713
219 194    14590   730   710   723   826   780   779   817   733   803   727   721   721   679   710   763   875   844   838   829   716   684   714   713
223 194    15767   729   709   720   828   781   778   817   730   800   723   720   719   677   709   766   873   842   840   828   719   685   713   714
227 194     9151   726   709   724   828   780   780   817   734   800   723   720   719   677   711   765   877   846   840   830   720   683   712   716
231 194    10029   725   712   723   826   781   780   818   734   800   723   718   719   678   714   765   877   846   840   828   720   684   708   715
235 194    11483   728   711   723   828   782   779   816   734   798   721   720   720   679   711   765   876   845   840   828   714   682   711   712
155 198    11881   730   710   723   828   783   779   818   733   802   724   719   721   676   708   765   878   843   839   831   723   685   712   715
159 198    13022   729   709   723   826   782   780   816   735   800   727   720   721   679   712   763   878   843   838   828   717   683   711   715
163 198    14531   730   712   725   826   782   777   819   732   800   725   718   721   678   710   764   878   846   839   829   716   684   712   711
167 198    11069   730   711   725   827   781   779   816   735   800   723   721   722   678   711   765   878   845   839   828   716   685   714   713
171 198    12193   729   712   724   827   782   779   814   734   800   724   720   720   679   711   764   877   843   837   829   719   682   712   716
175 198    11802   726   711   721   828   780   779   818   734   801   724   721   718   679   711   766   877   843   839   828   720   684   713   715
179 198     8896   729   711   724   825   781   780   817   734   800   722   722   721   678   712   763   876   845   840   828   721   683   712   719
183 198    11454   729   710   724   827   781   780   815   733   800   724   721   721   677   711   765   873   845   838   828   718   685   713   716
187 198    12413   729   715   724   827   780   778   816   734   801   722   721   721   679   710   763   876   843   839   829   718   682   712   714
191 198     8438   727   713   725   825   782   780   819   734   800   723   722   721   679   712   763   876   846   841   827   716   684   712   712
195 198     8536   727   711   724   826   778   780   817   733   802   721   719   720   679   711   763   877   846   840   829   718   685   713   714
199 198    10863   728   711   722   825   781   777   818   733   800   723   719   720   679   710   763   875   845   840   829   720   685   711   715
203 198    13008   728   711   723   829   781   777   817   730   801   722   720   720   677   711   765   874   846   840   832   720   684   712   715
207 198    11009   728   710   721   829   780   782   818   732   801   724   720   720   678   709   767   874   844   840   829   718   685   712   712
211 198    10260   727   709   721   829   782   780   817   735   801   724   720   720   678   709   766   876   845   839   828   716   682   711   713
215 198     9259   728   711   723   827   781   779   816   734   799   724   718   721   679   711   765   875   845   840   825   716   685   714   711
219 198    14734   730   714   724   829   782   779   815   733   798   722   721   720   680   711   766   875   845   841   825   717   683   712   713
223 198    13055   729   711   722   828   781   779   818   729   801   724   722   721   677   707   765   873   844   840   828   719   684   713   716
227 198    11222   729   711   724   826   781   777   816   734   799   724   718   721   677   707   763   877   844   841   828   720   685   713   715
231 198     9754   730   714   724   828   781   777   816   734   799   722   721   720   678   712   767   876   844   841   825   719   681   714   716
235 198    11157   727   712   723   825   781   780   816   734   801   719   720   718   681   712   766   878   845   841   829   718   681   711   713
155 202    15659   731   711   722   828   781   780   817   733   799   722   721   719   678   711   766   876   845   841   828   719   683   713   716
159 202     9539   726   713   720   829   783   782   814   736   801   723   721   718   679   709   767   876   843   841   826   718   683   713   714
163 202     8854   728   710   725   825   783   780   817   730   801   725   720   719   676   710   765   873   846   839   829   716   685   711   711
167 202     7277   728   714   721   829   779   780   818   732   799   723   720   721   678   710   766   873   846   841   828   714   683   711   711
171 202     9004   728   710   724   828   781   779   817   732   800   723   719   720   678   710   766   875   846   842   827   716   685   712   712
175 202    11417   727   711   723   828   781   779   817   733   799   722   719   718   679   710   766   875   844   840   829   720   685   711   716
179 202    10542   730   712   725   829   781   779   817   733   798   724   720   722   679   711   767   875   846   840   829   720   686   713   718
183 202    10360   728   711   724   826   782   778   815   733   800   721   720   720   678   711   764   876   846   840   828   720   684   713   716
187 202    13057   731   712   724   828   781   780   816   734   799   724   721   719   679   712   765   876   844   840   828   718   685   712   716
191 202    11146   726   712   724   828   782   779   816   734   797   724   721   722   680   712   767   876   846   841   828   716   684   711   713
195 202    10470   729   711   723   829   782   781   819   733   801   722   720   721   679   707   765   875   844   840   828   715   682   713   711
199 202    10279   728   709   726   828   782   779   816   737   801   720   714   720   677   711   766   876   846   839   830   716   681   708   712
203 202    10030   729   711   724   826   781   778   816   734   800   723   721   720   679   709   764   876   840   840   831   716   684   712   713
207 202    12490   728   711   723   829   782   779   812   729   801   724   720   719   677   712   765   871   846   839   829   721   682   714   715
211 202    14322   728   711   721   829   782   781   817   732   801   723   720   720   678   708   766   874   845   842   828   719   684   713   716
215 202     9386   729   707   721   827   781   779   816   735   801   722   719   722   674   711   765   877   846   840   830   719   684   712   713
219 202    12889   731   712   721   827   781   778   814   734   802   724   720   721   679   710   765   876   842   839   827   717   685   714   712
223 202     9175   727   711   724   828   780   780   816   734   801   724   717   720   676   708   766   876   846   841   829   716   684   709   711
227 202    10712   729   711   724   828   779   779   818   733   800   724   719   721   676   710   766   874   843   840   830   718   684   710   713
231 202    10867   730   710   723   827   782   781   817   733   798   723   719   722   678   708   764   875   844   841   828   718   686   710   715
235 202    11664   728   710   724   830   782   779   817   735   801   722   721   720   677   711   767   875   844   839   827   720   682   712   716
155 206    11430   729   713   724   829   781   779   815   734   799   724   719   721   677   710   765   874   844   841   828   718   687   714   715
159 206     9130   729   710   723   828   782   781   815   734   800   723   721   721   677   710   765   877   846   841   829   720   686   713   719
163 206     8779   727   710   722   827   778   781   817   732   800   723   720   720   676   709   767   875   845   838   827   720   685   713   715
167 206     8801   725   712   723   830   781   779   814   735   800   723   721   719   679   711   767   877   844   839   828   717   684   710   712
171 206    11300   730   713   722   828   780   779   818   736   798   721   721   721   680   711   764   875   846   839   829   716   683   713   712
175 206    13104   731   714   723   826   781   777   817   734   800   721   720   721   679   712   765   876   846   839   827   715   681   714   711
179 206     9141   729   711   722   827   777   779   817   732   800   723   721   721   679   711   765   876   844   838   829   717   684   714   713
183 206    12425   727   709   723   829   781   777   817   735   801   724   719   718   677   707   769   876   847   840   828   719   684   714   715
187 206    10683   729   711   720   829   783   781   817   731   801   724   721   720   678   707   766   873   844   842   829   722   685   713   716
191 206    10990   729   712   724   828   781   778   817   734   801   723   718   720   679   712   766   875   845   838   829   720   686   711   717
195 206    11170   729   711   720   828   781   781   815   735   799   723   722   721   678   706   765   876   841   841   826   720   685   713   714
199 206    10382   729   711   723   826   780   779   815   734   800   723   721   721   679   710   763   876   845   837   829   715   685   713   711
203 206    10192   729   712   724   826   779   779   814   734   799   724   721   721   679   711   764   877   845   838   828   716   684   713   713
207 206    12797   731   712   723   828   782   781   817   736   799   724   720   721   679   709   764   877   845   840   829   717   684   713   715
211 206     8929   730   710   724   828   782   778   817   734   797   724   719   722   679   712   766   876   844   839   829   719   685   711   716
215 206     7593   728   714   723   828   781   780   814   734   802   723   720   720   680   711   765   876   842   841   829   720   684   712   717
219 206    12583   728   709   722   827   780   782   818   733   798   724   721   722   674   710   765   875   844   841   829   717   684   713   718
223 206    11841   727   708   723   828   778   778   817   734   802   723   721   719   676   712   764   877   844   838   829   719   685   712   712
227 206    11610   731   711   722   827   782   778   817   732   799   724   721   723   679   711   766   875   845   841   826   716   684   714   712
231 206    11831   729   713   726   828   779   779   818   736   800   722   719   721   679   710   766   878   845   839   828   716   683   712   714
235 206    11264   730   712   723   824   783   779   817   734   798   722   720   720   678   709   763   876   844   841   829   718   685   712   717
155 210    13665   729   710   721   829   781   781   817   730   800   722   720   721   678   709   767   874   845   839   828   717   683   711   714
159 210    11673   729   711   724   829   783   776   816   732   803   724   721   720   677   711   765   875   844   840   826   719   685   710   715
163 210    10380   729   714   724   829   780   779   816   734   800   720   719   721   677   711   765   879   843   840   828   720   683   715   717
167 210    12763   728   709   723   829   781   781   816   731   800   723   720   720   675   710   764   873   846   841   830   719   685   712   715
171 210    12834   728   712   723   828   782   779   816   733   800   725   720   721   679   711   765   877   846   838   826   716   684   712   711
175 210     7931   729   711   723   831   781   778   817   733   800   722   720   721   680   711   766   877   845   839   829   715   684   713   711
179 210    10386   726   712   724   827   781   779   818   734   800   721   719   719   680   710   765   879   845   840   829   718   682   712   717
183 210    10901   729   709   724   825   780   780   819   732   800   724   721   721   678   710   763   875   845   842   830   719   685   713   714
187 210    11678   727   713   724   825   782   779   819   733   800   722   719   720   678   709   762   875   844   840   828   721   685   712   716
191 210    12754   728   711   722   827   781   778   817   732   800   723   720   721   678   712   765   875   844   841   828   716   685   713   714
195 210     9004   729   712   723   825   779   778   816   733   800   724   721   721   679   710   761   875   844   839   828   717   685   714   710
199 210    11354   728   711   721   830   782   780   818   731   800   724   721   719   677   706   766   874   844   840   827   717   684   715   711
203 210    11996   730   711   723   828   782   780   815   734   800   721   721   722   679   711   765   876   845   840   828   716   683   712   711
207 210     8588   727   711   722   826   782   779   819   734   801   724   721   719   679   708   766   875   844   839   830   718   685   713   712
211 210    12349   727   709   723   827   783   779   816   733   801   723   721   717   676   710   766   875   844   840   829   720   685   713   716
215 210     9000   730   712   724   828   780   780   816   734   800   723   719   720   678   711   765   877   846   841   827   720   684   713   718
219 210    12507   729   714   724   828   783   779   814   735   801   723   720   721   678   711   765   876   844   840   829   719   685   711   717
223 210    11420   730   711   724   827   781   778   814   733   801   722   721   721   677   711   765   875   845   839   828   720   684   713   717
227 210    10884   730   711   724   828   780   779   818   735   800   723   721   720   677   712   764   877   845   840   828   717   685   714   711
231 210    11522   730   711   724   826   781   780   818   734   800   721   719   719   679   710   763   876   843   841   829   718   685   712   711
235 210    10741   730   713   725   826   782   780   817   734   800   723   719   720   679   712   764   878   844   840   829   717   683   711   715
155 214     8929   726   710   724   827   782   781   815   737   800   721   721   719   681   711   763   877   846   839   828   716   684   714   711
159 214     9728   727   712   723   829   782   777   817   732   800   723   720   720   679   712   765   875   844   841   830   716   684   709   713
163 214    12497   728   713   722   828   779   778   818   731   800   724   721   718   680   710   765   875   844   841   828   719   683   711   714
167 214     8583   728   712   724   826   782   779   817   733   801   723   721   719   680   711   764   877   845   839   830   720   684   710   717
171 214    12530   727   712   725   828   780   778   817   734   796   724   719   719   679   711   765   877   844   839   828   718   683   713   716
175 214    12123   726   712   724   829   782   778   816   734   800   723   721   717   679   708   767   877   845   841   827   717   683   712   711
179 214     9637   726   712   724   826   782   780   816   734   800   723   721   718   679   711   764   876   845   842   827   716   684   713   712
183 214    13329   729   710   724   827   781   781   816   733   801   724   720   719   677   709   764   876   842   839   828   719   685   713   716
187 214     9246   728   714   723   827   780   779   817   734   801   722   722   721   680   710   767   875   842   840   829   719   685   713   717
191 214     8497   728   711   722   828   780   778   817   734   801   723   718   722   678   709   766   876   844   841   827   715   685   711   711
195 214    11494   728   712   724   828   780   780   813   735   801   720   720   717   679   711   766   876   844   841   828   716   683   715   711
199 214    14693   731   712   724   826   781   779   815   734   800   725   721   720   677   711   763   877   844   840   830   718   685   713   715
203 214    10821   727   712   722   829   782   782   817   735   801   722   719   719   678   707   768   876   845   841   829   720   684   712   714
207 214    11758   729   710   723   826   780   777   817   733   801   724   720   720   677   712   763   875   845   837   831   718   684   714   713
211 214    14715   729   711   723   826   781   779   818   733   801   723   720   719   678   707   763   877   844   841   829   717   686   714   711
215 214    11026   729   713   723   828   780   781   814   734   801   720   720   721   679   711   766   876   844   840   827   717   680   713   713
219 214    10228   729   712   724   828   781   778   816   734   797   721   721   721   679   709   765   875   845   839   827   718   683   710   712
223 214    10356   726   712   724   828   781   779   817   734   799   723   719   721   678   712   765   876   846   840   828   718   686   709   716
227 214     9016   727   712   725   828   783   779   817   733   799   723   720   720   679   712   765   877   844   842   828   721   685   711   718
231 214    13348   729   712   723   826   781   779   817   734   799   723   718   721   677   711   763   878   844   840   829   720   685   710   715
235 214    11212   728   712   725   828   782   779   817   734   799   723   718   722   678   710   766   876   845   839   828   716   684   709   713
155 218    13402   729   711   724   828   781   778   815   733   798   724   722   721   679   712   766   877   845   840   827   721   687   714   718
159 218    10842   729   712   723   828   779   775   817   734   799   723   720   721   677   712   765   877   843   840   829   720   684   712   715
163 218    10613   726   712   724   829   782   780   817   733   800   722   719   721   680   709   767   876   845   841   830   715   683   712   711
167 218    14607   730   711   722   827   783   782   818   731   801   723   721   721   678   704   765   873   845   843   828   715   685   713   710
171 218    11400   731   713   725   829   781   778   818   733   798   722   720   721   678   710   765   877   846   839   828   718   685   714   714
175 218    14083   730   711   722   827   782   778   817   730   800   723   720   720   677   709   765   873   845   840   830   721   685   713   716
179 218    13178   730   712   724   828   782   780   817   735   800   724   718   721   676   707   767   876   846   840   828   719   682   712   715
183 218    12003   727   711   725   829   781   780   817   734   800   722   718   720   679   712   766   877   845   841   828   716   684   711   713
187 218    10261   728   712   723   828   781   777   814   734   804   723   721   720   679   710   765   876   841   840   827   718   684   714   711
191 218    10695   730   709   724   827   783   778   817   732   799   723   720   721   677   711   765   875   845   840   830   714   685   714   712
195 218    13395   727   711   723   829   782   779   816   733   800   723   720   720   679   712   764   875   845   840   829   718   685   713   712
199 218    14194   727   710   723   828   782   778   817   735   801   724   722   719   678   711   765   877   846   841   826   720   684   713   716
203 218    11128   728   713   725   832   782   781   815   733   800   720   720   719   679   712   765   877   845   839   829   721   682   711   718
207 218    10997   730   711   724   829   781   780   816   734   800   725   719   721   680   712   765   875   845   839   828   721   684   711   717
211 218     7933   728   709   722   826   781   778   817   729   800   723   720   722   676   711   764   873   844   839   828   717   685   714   715
215 218     9070   728   711   724   828   781   779   817   733   798   724   720   721   678   712   766   876   845   842   828   715   683   711   712
219 218    10773   728   710   721   827   778   780   815   732   802   723   720   721   679   709   765   875   843   841   826   718   684   711   709
223 218    12968   729   710   723   826   781   781   815   735   800   723   718   721   678   707   765   878   843   842   829   716   682   713   713
227 218     9419   729   711   724   827   780   780   818   733   799   724   718   722   679   711   764   876   844   843   829   720   686   711   717
231 218    13092   724   712   725   829   782   779   817   734   799   722   721   720   678   710   765   875   846   840   826   718   683   712   714
235 218    11854   729   712   721   828   781   778   815   732   801   725   721   721   680   708   765   874   846   838   828   716   685   715   712
155 222    11591   729   711   723   830   783   779   816   734   800   724   719   718   677   711   765   876   844   840   827   716   685   712   711
159 222    10568   729   712   725   829   781   779   817   734   797   722   721   719   678   711   765   877   846   839   828   716   686   712   712
163 222     9703   727   711   723   827   782   777   817   735   799   722   719   720   680   712   765   877   843   840   830   718   683   711   716
167 222    10657   725   711   724   829   780   779   817   733   801   726   721   717   679   712   767   876   844   837   828   719   686   712   715
171 222     9658   726   712   722   830   781   779   817   732   800   724   722   719   679   710   768   875   844   840   827   715   684   714   711
175 222     9210   726   712   723   826   783   776   818   732   801   725   720   721   679   711   764   876   844   838   825   717   686   711   713
179 222    13838   729   713   724   828   779   780   815   734   800   723   719   721   679   712   764   879   846   839   830   721   684   711   719
183 222     8286   726   711   722   827   782   781   816   734   798   723   722   719   678   709   764   877   845   844   828   717   685   713   712
187 222    10418   728   712   721   827   780   779   817   732   800   722   719   722   680   713   765   876   845   842   829   714   683   711   711
191 222    10733   727   712   723   826   782   778   818   733   800   724   719   719   679   710   763   877   843   840   829   717   686   710   713
195 222    13503   729   711   724   828   780   780   815   734   802   722   719   721   679   708   766   876   843   840   828   720   684   711   715
199 222    10124   728   710   724   829   778   780   818   733   800   723   719   720   678   709   766   878   847   839   828   722   685   714   717
203 222    12207   729   710   724   827   781   779   815   734   801   722   719   721   677   711   766   877   843   840   827   721   685   710   717
207 222    13210   730   711   723   828   779   780   815   733   801   725   719   721   678   710   765   877   843   837   826   721   684   710   715
211 222     9429   729   709   723   828   782   777   817   734   804   723   719   721   678   710   765   877   843   841   829   717   685   713   712
215 222     7863   728   711   723   827   779   781   817   736   800   724   720   719   677   709   764   877   845   839   829   716   685   713   710
219 222    10582   730   712   723   828   781   778   817   734   800   723   722   720   680   710   766   875   844   842   828   715   684   712   709
223 222    11100   729   711   722   825   779   778   816   732   800   726   721   721   678   710   763   875   846   839   828   718   685   712   715
227 222    10925   727   712   725   826   781   780   818   731   800   721   720   720   680   711   765   874   845   840   830   721   682   714   716
231 222    11429   725   711   721   827   781   778   817   732   798   723   721   719   680   711   767   874   846   841   828   720   683   713   717
235 222    12410   729   712   724   828   779   779   818   734   800   723   720   718   678   709   764   876   845   844   829   719   683   713   715
155 226    11735   728   710   724   828   782   779   815   730   801   722   723   720   678   711   765   873   845   841   826   720   683   711   716
159 226    11257   729   709   722   828   782   777   817   733   801   725   720   721   678   709   766   876   845   841   828   717   685   714   713
163 226    10398   728   710   721   827   782   779   816   733   798   723   721   721   677   711   765   875   845   839   831   717   683   712   712
167 226    12249   728   711   725   829   782   778   816   733   799   720   719   723   680   710   766   876   845   840   829   721   681   710   716
171 226     9952   727   711   721   828   781   780   817   733   797   723   721   719   677   707   767   874   842   841   830   720   684   714   716
175 226     8495   728   710   725   827   781   780   813   735   801   723   719   721   678   711   766   877   842   840   827   716   685   712   712
179 226    11926   728   713   723   826   781   780   818   733   800   723   721   720   680   709   764   876   844   841   828   716   682   712   711
183 226    13857   727   712   723   827   783   779   817   735   799   722   721   719   679   711   767   876   844   840   828   717   684   713   712
187 226    10372   727   713   719   828   781   784   817   732   801   722   720   719   680   708   765   872   845   839   828   720   684   713   716
191 226     9453   729   711   724   827   781   779   815   733   799   722   720   722   678   711   764   875   844   840   830   721   685   713   717
195 226    14283   729   711   724   826   780   779   814   733   801   719   721   721   678   710   764   875   844   841   828   718   680   714   716
199 226    11188   725   713   724   831   781   780   816   733   801   723   721   717   679   711   767   874   845   838   829   717   682   712   710
203 226     9535   729   711   724   826   783   779   817   735   801   723   722   721   678   710   764   876   844   840   826   716   685   715   713
207 226    10219   729   708   723   827   786   780   817   734   799   723   719   722   674   709   765   878   845   840   829   718   685   712   716
211 226    12234   730   710   722   828   780   778   817   730   801   724   720   721   677   708   766   875   845   840   829   719   684   713   714
215 226     8737   728   712   723   828   782   781   817   736   800   722   719   721   679   708   766   876   845   841   828   719   685   713   718
219 226    10840   728   712   724   827   780   780   816   733   800   720   722   721   679   711   766   876   844   841   827   720   682   712   715
223 226    11412   727   711   723   830   781   783   818   733   801   722   719   718   676   709   765   876   846   841   828   717   685   712   712
227 226     6024   728   714   722   828   781   778   815   733   801   723   721   720   679   710   765   878   844   839   827   716   683   711   712
231 226    12707   728   710   723   827   781   780   817   733   801   722   719   721   678   711   764   876   845   841   827   720   685   710   717
235 226    12508   729   711   723   827   780   780   812   734   800   721   720   720   677   711   764   877   845   840   828   721   683   712   717
155 230    10932   726   712   723   830   782   780   815   733   801   722   720   718   679   709   766   875   843   841   829   716   684   711   709
159 230    13444   729   711   724   828   780   780   818   732   801   723   720   722   677   711   766   875   846   840   829   720   683   711   716
163 230    10566   729   711   724   826   782   779   817   733   799   721   721   722   680   711   766   877   845   841   827   719   683   710   719
167 230    11213   728   712   720   830   780   780   815   733   802   723   719   718   679   709   768   876   842   841   828   719   684   713   714
171 230    10940   730   711   723   826   782   779   819   732   800   723   721   721   678   711   761   875   845   839   830   717   686   712   713
175 230    11834   727   712   722   827   782   775   817   732   800   723   720   719   680   710   766   873   844   839   828   716   683   713   711
179 230    11177   733   712   724   826   781   777   818   734   797   723   721   724   680   710   763   875   844   840   827   715   685   712   711
183 230    12100   730   712   724   828   783   778   817   733   797   723   719   724   678   711   765   877   845   839   829   715   685   712   716
187 230    12213   730   712   720   828   782   779   817   736   799   723   720   720   679   708   766   877   846   841   829   720   683   711   717
191 230     9651   730   713   724   828   782   778   815   736   799   725   720   722   679   712   766   877   845   840   828   720   682   711   717
195 230    10576   729   709   722   828   780   780   814   733   800   723   722   721   678   710   765   877   843   841   826   717   684   710   712
199 230    10928   727   711   721   825   781   778   816   732   800   723   721   720   679   710   763   875   846   839   828   717   686   714   712
203 230     7772   727   711   724   827   781   780   816   734   801   722   719   721   677   713   763   876   844   841   827   721   685   712   717
207 230     7807   727   713   724   827   780   779   817   734   797   723   721   719   679   711   765   876   845   838   828   720   681   713   713
211 230    10657   728   711   723   828   779   779   816   735   800   724   721   721   680   710   765   877   844   841   827   718   685   714   716
215 230     9756   727   710   724   829   783   780   816   733   800   725   719   719   676   711   766   876   845   837   829   715   685   711   714
219 230    10353   728   708   724   826   780   780   817   733   799   723   720   722   676   712   765   876   843   839   828   718   684   713   715
223 230    12113   730   711   721   828   782   778   816   733   800   723   719   720   678   710   766   876   845   840   829   719   683   711   718
227 230    12518   731   711   722   827   780   779   817   733   797   723   721   720   678   710   767   876   843   840   828   716   684   713   711
231 230    11551   727   713   724   825   781   780   818   734   800   722   721   720   681   711   762   876   843   837   829   715   684   711   712
235 230     9481   727   709   723   830   782   780   818   733   800   722   721   719   675   710   765   875   845   840   829   717   683   713   714
155 234     9984   727   709   723   828   779   780   817   733   801   723   718   719   677   710   765   875   847   841   827   720   684   713   714
159 234    13940   729   711   723   826   781   782   817   734   800   722   717   721   678   709   764   876   843   841   829   720   685   711   713
163 234    11211   728   712   722   829   782   780   815   733   798   723   721   719   680   710   767   876   845   842   827   716   683   715   709
167 234    12554   730   711   725   827   782   778   816   735   801   724   719   721   678   710   765   878   843   842   830   716   684   712   711
171 234    11165   728   711   723   827   783   779   818   732   800   720   720   720   678   711   765   876   845   840   829   718   682   712   714
175 234    12728   728   710   724   828   781   780   817   733   803   721   720   720   678   711   765   875   844   840   827   721   684   711   715
179 234     9532   729   712   726   827   781   780   815   733   800   722   718   721   677   709   765   877   843   841   829   717   685   713   712
183 234     8771   729   711   720   828   781   780   817   734   803   723   721   721   680   709   766   876   841   840   828   715   683   711   710
187 234    11419   729   711   723   828   783   777   818   732   799   724   721   721   677   712   766   875   846   839   830   718   684   712   714
191 234    10337   729   711   725   826   782   777   818   733   801   724   718   721   677   712   764   875   850   840   828   719   685   711   716
195 234     8376   727   710   724   826   780   780   818   732   801   723   719   721   679   711   763   875   846   840   827   717   684   707   711
199 234    13700   730   710   723   828   782   780   817   733   800   726   716   721   678   711   765   875   845   839   830   716   685   709   710
203 234     9995   728   710   724   828   783   778   819   734   797   724   719   720   676   711   765   877   845   841   830   717   685   712   718
207 234    10203   731   711   724   828   780   779   813   734   799   722   720   721   679   709   767   878   843   841   829   720   682   714   718
211 234    11933   728   711   724   828   781   779   816   734   800   722   720   721   679   712   764   877   845   841   826   719   684   713   715
215 234     9559   728   711   724   828   782   779   818   734   799   723   719   721   679   712   764   876   846   840   828   714   684   708   713
219 234    12658   729   712   724   828   782   778   816   735   797   722   721   722   679   711   766   877   845   840   827   716   684   710   713
223 234    12318   728   712   724   829   781   776   817   733   798   723   719   722   678   712   766   876   844   840   828   719   684   712   716
227 234     8957   728   712   722   826   783   781   815   734   801   722   722   720   677   709   765   875   844   841   826   719   682   713   715
231 234    10935   729   709   725   827   781   779   818   732   799   723   720   721   678   711   764   875   845   840   828   717   685   712   711
235 234     9691   726   711   725   828   782   779   818   733   800   723   719   719   679   712   766   878   846   840   829   716   685   708   711
155 238    11075   729   712   723   826   782   780   819   733   800   723   718   720   679   709   765   875   845   840   830   717   685   713   712
159 238    10768   729   711   723   827   784   781   816   733   801   723   719   722   676   708   764   874   844   840   828   715   684   712   711
163 238     6393   726   709   721   827   784   779   818   733   801   723   721   719   675   710   767   875   845   841   829   718   683   712   712
167 238    10118   729   712   724   828   778   776   818   735   799   723   720   720   678   712   766   876   844   839   827   719   683   714   715
171 238    12264   729   713   724   826   780   779   818   734   802   721   719   722   679   711   762   877   844   842   830   720   682   712   717
175 238     8620   727   710   724   824   780   778   817   733   800   723   721   722   679   711   762   875   843   839   830   720   685   713   717
179 238     9745   726   707   723   829   782   780   817   735   801   724   720   717   678   709   767   876   844   840   829   722   685   713   716
183 238    11073   727   710   722   828   783   780   818   734   801   723   720   717   677   710   766   876   846   842   829   719   685   713   714
187 238     7777   729   711   723   828   782   779   817   734   800   722   720   722   681   711   766   877   842   840   829   715   682   713   711
191 238     9421   726   710   723   829   782   778   817   734   800   724   720   719   676   709   766   877   848   842   829   717   684   713   709
195 238    11315   729   711   723   826   778   779   816   735   800   724   720   722   679   711   764   877   845   837   828   717   687   712   712
199 238    11482   730   712   723   829   781   780   816   737   800   721   717   719   679   709   765   878   845   840   828   714   684   709   712
203 238    11770   729   709   724   826   782   780   817   734   801   724   721   720   676   710   764   876   849   842   828   718   686   713   713
207 238    10519   728   710   723   827   780   780   817   732   800   724   720   721   676   710   765   875   847   842   829   721   686   713   717
211 238     8430   728   713   724   827   779   777   816   732   801   722   720   718   678   712   765   875   846   841   829   719   684   714   715
215 238    12326   728   711   720   827   781   779   819   732   800   723   721   721   679   710   764   874   847   841   829   716   684   712   710
219 238    11264   730   708   725   828   783   778   817   736   799   723   720   721   674   708   766   878   844   840   830   716   685   713   712
223 238    11917   729   711   721   828   779   779   818   732   800   723   718   719   679   710   766   875   845   840   828   716   684   711   711
227 238    10302   729   713   723   827   782   780   816   734   801   723   717   721   677   710   765   880   846   839   829   720   684   712   714
231 238    12340   729   710   723   824   783   779   817   733   800   723   719   722   677   712   761   875   847   838   828   719   686   710   714
235 238     9586   728   712   722   826   780   777   817   735   800   723   720   721   678   711   764   877   844   840   828   720   684   713   717
155 242    12248   727   712   721   829   781   777   817   731   800   723   721   720   680   713   766   874   846   841   831   718   684   710   713
159 242    12836   731   710   725   825   781   780   817   733   800   724   718   722   676   709   765   877   846   839   829   720   684   712   720
163 242    10158   729   707   725   829   781   779   818   734   799   724   720   722   675   711   765   876   846   840   827   720   685   715   717
167 242    13621   727   710   721   826   782   778   816   735   800   723   721   719   678   708   765   877   842   841   829   719   684   715   716
171 242     8643   730   711   725   829   781   779   817   735   797   723   717   721   678   709   765   877   844   839   829   716   684   712   714
175 242    12455   729   709   723   826   783   779   815   732   802   721   720   721   677   712   764   877   844   840   832   717   684   712   711
179 242    10556   731   712   726   826   781   777   818   734   799   725   717   723   679   711   763   875   847   840   829   716   684   713   712
183 242     9802   729   711   723   827   782   779   818   732   800   724   720   722   677   709   766   875   845   838   826   719   686   715   716
187 242    12698   729   709   724   828   780   779   816   734   799   726   721   718   677   711   766   876   845   838   829   720   685   712   718
191 242     8289   724   711   724   828   780   778   816   734   800   723   720   719   678   711   765   876   844   839   828   721   685   713   716
195 242    11673   729   710   722   828   782   777   817   733   797   725   720   721   678   710   765   875   845   841   828   719   685   715   716
199 242     8457   728   710   721   826   782   781   816   735   798   723   718   723   678   710   763   877   844   841   827   717   685   711   714
203 242    13093   728   710   725   828   783   779   815   735   801   724   718   720   679   710   766   877   843   840   829   717   683   713   711
207 242    13373   730   710   723   827   782   779   813   734   800   724   723   723   676   711   767   875   845   840   827   717   684   713   713
211 242    11271   729   711   723   828   782   780   817   733   800   721   721   722   677   711   764   875   846   842   828   720   682   712   716
215 242    10014   729   710   723   826   783   779   817   733   802   724   720   721   677   708   765   876   846   841   827   722   683   711   717
219 242    13527   729   711   722   828   780   779   817   733   798   724   719   720   678   709   765   876   845   839   829   721   685   714   716
223 242     9309   729   713   724   826   782   779   818   735   800   722   721   721   680   712   762   876   844   839   828   719   684   712   716
227 242     8091   725   709   724   827   780   778   816   734   803   724   721   719   676   711   766   876   844   840   826   716   685   713   712
231 242    10963   728   710   724   828   781   779   817   734   801   724   720   720   677   711   765   875   846   841   828   716   685   711   710
235 242     7974   727   710   723   829   779   780   818   734   799   722   719   720   679   712   766   877   846   841   826   718   683   711   713
155 246    10661   729   708   725   826   783   779   816   734   800   723   722   721   677   711   765   876   844   842   827   715   685   712   713
159 246    10410   729   711   722   828   782   779   817   734   799   724   719   722   678   709   767   877   845   837   829   715   686   714   709
163 246    10335   725   712   721   829   781   778   817   733   800   722   721   718   678   712   766   875   846   839   829   718   687   712   711
167 246     8865   727   712   724   825   783   780   813   735   801   722   722   721   680   711   765   878   843   840   827   718   682   714   715
171 246    12010   728   712   724   826   782   779   819   734   798   725   721   720   679   711   761   875   846   836   829   719   685   713   716
175 246    11618   728   711   724   827   781   778   816   733   801   722   721   720   677   711   764   875   846   839   831   720   685   713   717
179 246    11493   726   712   722   828   781   779   818   733   802   723   721   720   680   711   766   875   844   840   830   719   684   713   714
183 246     7953   727   712   722   829   781   778   816   734   802   724   721   721   680   712   767   876   843   839   828   721   684   712   716
187 246    11359   728   712   724   829   779   779   817   733   800   724   720   721   678   711   766   876   845   839   829   716   683   710   712
191 246    10111   728   709   725   827   781   778   819   730   801   724   720   721   676   711   764   875   845   839   830   715   686   713   712
195 246    10795   728   712   723   826   782   779   820   733   801   724   718   721   679   714   763   875   846   840   830   719   685   707   714
199 246    14574   730   711   724   825   782   779   817   737   799   724   719   721   678   709   763   879   846   837   829   720   685   713   718
203 246     8199   728   709   725   826   783   779   817   734   801   724   716   721   676   711   766   876   847   840   828   720   685   709   716
207 246    12237   729   710   724   828   781   779   816   735   801   723   721   721   677   711   765   877   846   840   827   717   685   715   713
211 246    12820   729   712   721   828   781   778   816   734   798   723   722   721   679   711   765   876   843   841   828   718   686   712   713
215 246    10234   729   712   725   829   781   781   817   736   799   724   718   721   678   709   766   876   845   839   829   718   682   712   715
219 246    10047   728   712   724   828   781   780   817   733   799   722   718   722   680   712   766   876   846   840   829   719   683   707   716
223 246    13230   730   711   724   829   783   779   819   734   801   725   718   721   678   710   766   875   846   839   829   720   686   711   716
227 246     9975   728   709   722   828   780   780   816   734   801   724   718   721   677   708   766   876   847   839   827   721   686   710   716
231 246    12008   728   712   724   825   780   780   816   734   800   725   720   721   679   709   764   876   845   841   829   719   684   712   712
235 246     8979   729   709   725   828   781   779   814   736   799   723   718   721   678   710   766   877   846   840   829   715   684   711   712
155 250     9463   727   712   724   828   782   779   816   732   800   721   718   719   680   711   765   875   843   839   831   717   683   712   713
159 250    12869   730   709   722   828   782   779   818   735   800   722   720   721   677   709   766   876   845   840   827   715   685   714   711
163 250    10136   728   712   724   827   781   780   819   735   799   724   718   721   679   709   765   876   846   841   829   715   684   712   711
167 250     9998   729   710   725   828   784   779   816   734   799   723   721   721   677   711   764   877   846   838   829   716   685   712   714
171 250    11737   729   711   722   826   782   778   816   735   799   724   721   721   679   710   764   877   845   840   826   718   686   715   715
175 250     9743   731   710   722   827   782   777   815   734   797   723   720   721   677   710   765   875   845   841   827   716   685   711   713
179 250    11240   727   710   724   829   780   780   815   733   799   723   720   717   678   712   767   876   846   841   829   719   684   711   714
183 250     9577   728   713   724   827   781   779   813   733   801   721   719   721   682   711   766   876   845   841   829   719   681   713   717
187 250    12733   729   711   723   828   779   778   819   732   801   722   722   721   678   711   765   875   846   841   826   720   683   713   715
191 250    10760   728   710   722   828   782   779   817   734   800   724   720   719   676   711   766   877   846   838   828   717   686   713   714
195 250    10873   727   712   723   826   780   780   813   733   802   720   721   721   678   710   765   876   844   843   827   716   681   713   711
199 250    10720   728   711   724   826   780   780   816   734   800   722   719   720   679   711   763   877   844   841   829   719   681   713   713
203 250    10054   727   711   724   828   781   777   818   731   803   724   719   719   677   710   766   873   844   840   830   720   685   713   715
207 250    11540   728   712   722   829   781   779   816   735   800   722   720   720   680   712   768   876   846   841   829   721   684   708   715
211 250    10311   729   711   724   826   782   779   816   733   800   723   720   721   679   711   764   876   843   840   826   720   684   713   717
215 250    13125   730   710   724   824   783   779   815   734   803   725   720   721   677   710   763   877   844   839   829   717   685   712   716
219 250    11884   729   712   722   827   781   779   817   734   799   723   719   722   680   710   766   877   844   840   829   716   685   710   710
223 250    13368   730   710   724   828   781   780   817   735   799   722   723   720   677   711   764   875   846   838   827   716   683   713   711
227 250    10508   729   711   722   828   780   778   817   734   802   723   718   721   678   711   765   876   844   841   828   717   684   708   713
231 250    12904   730   709   723   828   784   779   814   735   798   725   722   720   677   710   764   877   847   840   830   719   686   713   717
235 250     7329   728   711   723   827   778   780   817   736   799   721   720   720   679   711   766   879   845   839   828   721   683   713   715
