! Map center:  169,210
129 170     8779   727   711   722   830   782   778   818   734   800   724   721   718   679   710   767   877   843   840   829   720   685   713   717
133 170    10344   732   711   724   829   779   779   817   735   798   724   719   723   679   707   766   878   842   841   830   722   684   714   718
137 170    12071   726   711   725   828   782   779   819   731   801   720   721   720   680   712   762   874   846   841   829   718   680   714   713
141 170     9760   728   709   724   828   782   781   815   734   798   724   721   721   680   713   765   877   846   841   827   716   685   713   711
145 170    11426   726   714   723   828   782   780   815   734   800   721   722   719   680   709   765   877   844   840   828   720   681   714   711
149 170    11498   728   710   725   828   781   781   818   733   800   721   720   721   680   711   765   876   843   841   830   719   682   710   714
153 170    11815   729   710   725   827   783   780   815   734   799   723   718   723   678   709   765   878   845   841   828   719   684   712   715
157 170    10778   729   713   727   828   781   780   816   732   799   722   719   720   677   710   764   876   844   842   829   721   684   713   716
161 170     9797   725   713   723   831   782   780   816   733   802   721   723   718   679   711   767   875   846   842   828   722   682   715   716
165 170     7628   728   710   725   828   781   779   812   735   802   721   722   721   680   710   766   877   841   841   826   720   681   715   716
169 170     8908   728   715   724   826   780   780   816   734   800   721   719   721   680   711   765   875   844   841   829   718   682   710   710
173 170     7869   730   712   723   827   781   779   817   734   798   724   720   723   679   709   766   877   845   840   829   713   682   713   714
177 170     7682   725   713   723   828   783   777   817   731   801   723   722   719   681   711   766   875   845   839   826   718   681   713   712
181 170     8549   730   712   722   827   782   778   819   735   799   723   720   722   681   712   765   878   846   839   830   717   686   713   713
185 170    12073   728   711   723   828   780   778   815   735   800   725   722   721   676   712   767   877   844   839   827   719   685   712   717
189 170     9522   727   710   726   830   781   778   818   731   801   726   721   719   677   711   766   874   843   840   830   723   686   712   715
193 170     9886   729   712   725   829   783   779   818   734   798   724   716   724   680   711   766   877   848   841   830   720   684   710   720
197 170     9922   728   712   726   827   783   779   816   733   800   723   719   721   680   711   765   874   846   840   829   721   681   716   716
201 170     6987   728   710   724   828   779   779   816   735   801   723   720   721   678   711   766   877   844   841   829   721   685   709   714
205 170     9218   728   712   720   828   780   777   818   734   799   724   718   720   680   709   767   876   844   841   829   717   685   714   714
209 170    11068   731   713   724   829   780   781   818   734   800   724   719   721   681   708   766   876   843   844   829   717   684   713   715
129 174    10907   728   713   722   828   781   777   815   736   801   725   722   720   679   710   767   877   846   839   827   718   683   714   713
133 174    12045   729   711   725   828   781   778   817   735   801   724   720   719   680   709   769   876   844   839   830   718   687   713   711
137 174    10005   727   713   724   826   782   779   817   732   800   723   721   719   682   712   764   877   845   839   829   717   683   712   712
141 174    11276   729   712   721   830   782   778   817   735   797   725   721   718   679   712   768   876   846   839   829   720   687   712   717
145 174     8020   728   710   724   830   780   783   813   734   803   721   723   720   678   709   767   877   842   841   826   724   684   712   718
149 174    10074   729   712   722   828   780   780   815   734   801   724   721   722   679   710   765   878   843   841   828   720   685   714   716
153 174    12306   731   711   725   829   782   777   816   734   800   724   718   722   680   711   765   877   843   840   828   719   686   713   716
157 174     9174   727   710   725   827   781   779   817   736   802   720   719   720   678   709   766   878   844   841   828   716   681   715   713
161 174    11765   727   712   724   828   782   777   818   733   799   725   720   722   678   710   765   876   845   838   829   716   686   713   711
165 174    10135   727   712   725   828   783   780   814   732   801   722   721   719   677   711   764   876   845   841   827   720   683   711   715
169 174    12848   730   714   725   829   778   779   816   734   802   721   722   721   679   713   767   877   841   841   826   721   683   709   717
173 174    11319   729   712   724   827   780   780   817   737   799   724   718   722   680   706   767   877   845   845   828   718   685   714   716
177 174    10031   730   712   723   827   780   778   816   733   801   723   722   721   680   711   765   876   845   840   830   717   683   712   712
181 174     9285   730   711   725   826   784   777   818   734   798   724   720   722   677   712   763   876   846   840   831   717   684   712   714
185 174     8388   727   710   723   829   782   778   817   733   800   724   722   718   678   712   766   876   848   841   827   716   685   711   712
189 174     7598   726   710   725   831   785   778   815   735   801   725   720   716   677   712   768   876   846   840   829   721   685   711   716
193 174    11744   730   711   724   825   782   778   817   735   801   721   720   722   678   712   764   876   843   839   830   720   683   713   718
197 174     9394   729   708   724   828   787   779   815   734   801   724   718   718   677   714   765   877   844   840   826   720   685   708   716
201 174     9865   729   711   723   828   784   777   815   731   799   724   719   721   676   711   764   875   847   840   826   717   685   713   713
205 174    10235   730   711   724   827   782   779   817   734   800   722   721   722   679   713   764   877   845   839   828   715   684   712   712
209 174     8257   727   715   725   829   782   780   816   736   800   722   721   719   683   709   767   879   847   840   829   717   679   712   714
129 178     8248   724   712   724   828   783   777   819   734   802   724   721   717   680   711   766   877   845   839   830   719   681   713   711
133 178    11507   729   711   724   827   783   780   818   732   803   723   722   722   676   712   764   876   843   842   827   716   683   709   712
137 178     5423   725   711   724   827   782   780   813   734   802   720   722   723   680   711   766   879   843   841   825   717   682   715   712
141 178     9668   727   711   721   830   782   780   818   734   799   723   721   719   679   707   767   876   846   841   830   720   683   714   715
145 178     8201   729   712   721   828   781   780   818   733   801   723   720   721   680   710   763   877   843   841   828   721   683   714   717
149 178     8573   729   712   723   828   780   777   820   731   800   723   720   721   680   714   765   876   845   840   829   721   681   711   716
153 178     9295   728   711   726   829   778   780   816   734   800   722   718   722   680   712   766   877   841   842   829   718   683   712   713
157 178    13609   729   711   723   828   782   779   816   733   800   723   721   720   678   712   765   878   845   841   829   719   685   710   715
161 178     9685   728   711   725   829   781   778   815   734   797   726   723   722   680   711   766   878   846   839   827   720   687   715   715
165 178     9175   726   709   722   830   785   778   818   732   801   725   722   719   676   710   765   874   846   840   831   719   686   714   715
169 178     8258   726   712   723   828   782   777   815   733   799   723   720   719   679   712   767   876   844   840   827   718   685   712   712
173 178     8516   729   712   724   827   783   779   819   732   799   724   720   721   678   710   764   876   847   838   831   715   684   714   713
177 178    10634   729   713   726   829   781   779   817   734   800   725   720   721   680   710   767   877   845   839   828   717   686   710   715
181 178     9996   729   705   724   830   777   780   816   734   799   724   724   721   679   711   767   876   845   840   824   720   684   709   717
185 178    13609   728   711   722   829   783   781   818   734   802   720   719   716   677   707   767   874   845   838   830   722   683   713   716
189 178     8017   727   710   725   828   782   779   817   734   801   722   718   721   678   710   765   876   844   842   830   718   684   712   714
193 178    10326   728   713   722   829   782   783   815   733   803   721   725   719   680   709   766   874   844   841   826   716   683   714   710
197 178     9835   728   714   724   828   782   780   815   737   800   722   720   720   683   710   766   880   843   840   828   716   680   713   715
201 178     9217   729   712   725   826   780   779   816   734   801   722   721   721   680   711   764   877   843   839   827   718   683   716   716
205 178    10531   725   711   722   831   782   779   817   732   801   722   721   717   679   713   768   873   845   842   828   722   684   708   715
209 178    10389   729   710   725   828   779   779   814   735   801   723   721   720   676   713   765   878   845   841   826   719   685   712   717
129 182    10793   729   712   723   824   780   777   821   732   802   724   721   721   678   712   762   876   845   839   829   719   685   713   717
133 182    10750   726   712   721   830   780   775   817   729   800   724   722   719   681   712   765   872   845   838   830   720   683   712   715
137 182    11679   728   715   722   826   781   778   819   732   799   723   721   719   681   710   763   874   845   842   830   716   684   713   711
141 182    11120   729   712   724   826   782   779   817   733   801   721   723   721   679   711   762   876   846   841   826   717   683   712   711
145 182    10764   731   710   726   829   782   779   818   734   798   724   720   721   680   711   764   878   846   839   829   717   684   712   716
149 182    11302   728   712   724   827   781   777   816   734   801   723   721   722   679   712   765   877   846   839   828   721   684   714   719
153 182    11686   729   712   724   827   781   776   818   733   800   727   719   722   679   713   764   876   844   838   829   721   685   710   716
157 182    11082   728   712   725   826   781   779   817   733   802   723   717   721   677   712   764   875   844   839   830   719   684   713   715
161 182     8843   726   713   724   829   781   776   817   733   800   725   722   720   680   711   764   874   846   838   831   717   685   714   712
165 182    10411   731   712   722   828   781   779   814   734   798   722   724   721   679   712   766   877   844   840   827   716   683   713   712
169 182    12532   730   711   724   827   782   781   814   735   801   725   719   722   678   711   766   879   843   844   828   717   685   712   715
173 182    10499   730   711   725   828   781   779   816   734   801   723   720   721   680   710   765   877   844   840   828   720   684   711   717
177 182    10535   726   712   721   830   781   780   816   733   802   721   722   718   680   708   768   875   844   843   828   721   682   713   715
181 182    10737   730   712   721   829   781   779   817   735   802   722   721   723   680   711   765   878   844   841   829   723   683   714   718
185 182     9889   728   712   723   828   779   778   814   734   800   724   719   721   679   712   766   877   845   838   826   719   684   711   715
189 182    12813   729   708   724   825   785   779   819   731   801   725   721   721   675   710   762   874   847   840   831   717   685   712   711
193 182     9040   729   708   724   827   780   780   816   734   801   722   720   722   679   711   765   876   844   840   827   718   683   713   712
197 182     8796   728   712   722   827   782   778   817   732   798   724   721   722   679   712   763   874   845   840   828   716   683   713   713
201 182    10680   729   713   723   829   780   777   820   733   801   721   720   720   678   713   766   875   845   840   829   723   682   709   715
205 182    11714   729   711   722   831   782   779   815   733   800   722   721   720   680   711   767   874   846   840   831   721   683   713   716
209 182     6616   728   712   724   827   782   780   814   734   801   721   722   722   679   712   764   876   844   841   827   720   682   714   717
129 186     8535   726   712   722   828   781   779   814   734   801   721   721   721   681   709   765   877   845   842   828   721   683   713   716
133 186     9884   730   710   725   829   781   778   815   735   799   723   720   721   679   710   767   877   844   840   827   721   684   713   717
137 186    10567   726   713   723   829   782   778   817   731   800   724   720   718   679   712   767   874   845   840   830   720   683   712   711
141 186     8930   728   710   722   828   781   779   816   733   800   724   719   720   678   709   766   875   843   840   829   717   684   714   711
145 186     8608   727   709   726   828   780   778   816   734   802   724   720   719   679   711   767   878   844   842   828   717   684   712   714
149 186    10418   726   712   721   828   781   783   815   734   803   723   723   720   678   707   766   877   844   842   827   718   684   714   712
153 186     8773   727   714   725   830   783   779   816   734   801   722   721   720   680   709   767   877   845   840   828   720   682   712   717
157 186     8246   728   712   724   830   781   777   815   735   801   723   725   719   680   710   767   877   844   839   826   721   683   711   717
161 186    11850   730   712   723   828   783   780   819   733   800   723   718   720   678   713   765   877   845   841   830   718   684   709   716
165 186    10896   729   711   722   828   780   778   815   734   802   724   718   721   679   712   765   877   844   841   828   719   684   712   713
169 186    10814   727   710   722   829   781   783   815   736   801   724   721   721   678   708   766   878   842   843   827   718   685   714   712
173 186    10424   726   711   721   829   780   779   818   734   802   724   721   720   680   709   766   875   843   843   828   716   685   713   712
177 186     7434   727   710   723   829   782   780   817   732   799   724   722   720   678   712   769   876   844   843   828   718   684   710   714
181 186    11300   728   712   724   828   781   780   819   732   799   722   720   722   679   712   764   876   843   842   828   721   681   712   716
185 186    11049   726   712   723   829   780   779   818   733   800   725   721   719   679   710   767   876   846   841   829   720   684   713   717
189 186    11217   727   715   723   830   782   779   817   734   801   722   722   719   682   711   767   876   845   841   827   717   681   712   715
193 186    12292   730   712   721   829   783   778   818   735   800   726   721   719   680   710   766   879   845   839   829   716   688   713   712
197 186    10774   731   712   725   829   782   780   818   737   799   722   719   723   678   710   767   878   845   842   829   716   683   712   713
201 186    12264   730   711   723   828   783   780   817   734   800   724   719   723   677   712   764   876   849   841   828   720   685   711   716
205 186     9528   729   713   726   826   779   782   817   733   801   721   720   721   680   708   764   876   847   842   829   721   683   715   718
209 186     8445   727   712   723   827   782   780   820   735   800   724   719   721   678   709   765   875   846   837   829   720   685   713   716
129 190    13479   730   712   722   829   781   779   816   735   800   725   721   722   681   710   766   877   846   838   829   720   683   714   717
133 190     9956   728   712   724   828   782   780   818   733   800   721   719   721   682   708   765   874   845   843   829   721   683   714   717
137 190    10507   729   710   724   830   781   778   817   736   800   721   721   719   678   711   767   876   846   838   828   717   686   709   713
141 190     9636   731   712   720   829   780   777   818   734   800   724   720   721   680   710   766   878   844   840   829   715   684   712   711
145 190     8964   724   713   725   826   783   778   819   731   801   723   721   720   679   712   764   874   845   838   831   719   682   714   715
149 190    11129   727   713   723   825   783   780   818   733   802   723   719   718   678   710   763   876   845   842   830   722   684   711   718
153 190    11846   726   709   722   828   782   782   817   733   800   723   722   718   678   710   766   875   846   842   827   720   684   714   715
157 190    11770   726   711   725   829   780   780   815   734   803   721   720   720   679   711   766   875   845   841   827   720   682   710   715
161 190     9445   726   712   722   826   781   779   818   734   801   723   719   722   679   710   763   877   845   841   830   718   683   714   714
165 190    11344   729   712   722   830   781   781   816   735   797   724   720   721   678   710   766   877   845   841   827   716   685   711   712
169 190    12543   727   712   723   829   783   780   817   735   800   723   721   719   680   710   766   879   845   842   829   717   683   714   713
173 190    10449   727   712   721   831   783   777   818   735   801   726   720   717   680   712   768   876   845   838   828   716   680   713   711
177 190    11741   726   712   723   829   780   778   814   734   800   720   723   718   684   711   767   875   844   842   826   721   680   711   713
181 190     8303   726   710   724   828   782   780   816   734   800   722   721   719   679   711   763   876   842   840   829   720   684   713   715
185 190     8832   730   711   725   827   781   779   814   735   798   722   720   721   679   712   764   877   844   839   829   721   685   715   718
189 190     8680   727   711   725   830   780   779   817   732   799   722   720   720   676   713   766   875   846   841   828   720   682   709   716
193 190    11782   728   711   724   827   783   778   814   732   801   722   723   721   676   711   765   875   846   840   827   720   683   712   715
197 190    13160   727   712   721   828   783   779   817   732   801   720   723   719   679   710   765   874   845   841   828   718   682   713   713
201 190    10438   729   712   724   828   780   780   813   734   802   721   721   721   680   712   766   878   841   841   827   716   682   714   712
205 190    12041   727   709   722   829   783   780   817   735   802   723   721   719   677   709   766   877   846   841   829   716   685   714   712
209 190     9316   728   714   723   830   779   778   815   734   802   721   721   718   679   712   768   876   843   841   828   718   683   714   712
129 194     8487   729   711   724   828   783   779   818   734   801   723   720   724   680   711   765   876   847   841   830   716   685   712   712
133 194    10316   729   710   720   829   779   780   818   732   801   724   721   721   678   708   766   876   843   843   828   717   685   714   710
137 194     8543   729   712   724   827   781   779   817   735   801   724   720   722   677   711   764   877   842   841   827   718   685   710   715
141 194    10970   726   711   722   828   781   780   814   735   801   722   723   719   678   709   767   878   843   843   824   720   683   715   715
145 194    13119   729   710   724   829   781   778   816   735   799   724   720   720   677   711   769   877   843   841   829   722   686   711   716
149 194    12360   728   713   724   826   780   780   814   734   802   720   722   720   679   712   765   877   846   841   827   720   680   712   717
153 194    10177   727   709   723   830   780   778   817   737   802   724   721   719   680   711   766   877   841   840   829   722   685   714   717
157 194    11958   730   709   725   826   783   780   812   734   800   724   720   722   676   709   765   878   846   841   823   720   685   712   717
161 194    10234   727   712   723   829   778   779   817   740   799   724   720   720   680   710   767   878   843   840   828   718   686   713   715
165 194     9934   728   711   726   828   780   780   816   734   801   723   719   720   680   708   767   877   843   839   830   718   683   713   710
169 194    10209   726   711   724   830   781   778   817   735   802   725   719   720   679   710   767   878   844   839   828   717   684   712   712
173 194    13975   732   712   724   830   780   778   817   736   799   726   718   720   679   708   766   878   843   839   829   716   685   713   713
177 194    13780   730   710   726   829   781   780   816   734   803   723   719   721   677   711   766   877   843   841   827   722   684   709   715
181 194    13047   730   712   722   828   781   782   817   737   798   724   721   721   679   708   766   878   846   841   829   720   684   713   717
185 194    12259   729   710   725   826   783   780   816   731   801   720   722   718   681   711   766   874   845   841   829   722   683   713   715
189 194    12435   730   710   723   829   779   776   816   734   800   725   720   723   679   713   767   878   843   839   827   718   685   711   717
193 194     8606   728   712   720   829   783   776   817   734   800   724   721   720   679   712   766   879   846   839   827   719   685   711   715
197 194    10824   728   711   724   827   778   778   815   735   800   724   719   719   676   711   766   877   848   839   827   719   688   711   717
201 194     8714   728   710   724   826   783   779   817   733   801   722   722   721   679   710   763   875   847   841   830   720   683   711   714
205 194    11203   729   712   721   828   781   778   817   734   797   724   720   722   680   708   767   875   845   840   830   717   684   713   714
209 194     9492   727   711   724   826   782   779   816   735   801   720   721   722   680   712   763   877   846   840   828   716   681   713   712
129 198     8344   728   710   724   827   782   779   814   735   799   723   723   719   678   711   764   876   848   840   827   720   685   711   717
133 198    10434   728   712   724   829   780   778   818   736   800   724   720   718   680   712   766   878   842   839   828   719   685   712   713
137 198    12142   728   711   719   829   779   780   817   734   799   725   718   722   680   706   766   877   845   841   830   719   686   713   716
141 198    12828   729   707   726   824   783   780   817   736   801   724   719   722   676   710   766   877   846   840   829   717   685   712   712
145 198    12733   731   712   724   831   783   776   820   734   800   724   720   718   679   712   764   874   845   837   829   715   685   714   712
149 198    10305   729   710   725   828   782   778   816   735   802   725   721   722   677   711   765   878   846   839   828   717   685   712   713
153 198    12018   728   711   725   829   781   779   816   737   800   725   719   722   679   709   765   878   843   839   830   718   684   714   712
157 198    10680   730   711   727   827   780   778   820   734   800   728   719   722   678   712   763   877   847   839   831   718   686   713   713
161 198    10735   728   710   725   827   780   780   817   735   802   723   719   722   677   714   765   877   844   841   829   720   684   713   717
165 198    14002   727   712   724   826   781   777   818   731   798   725   720   721   680   711   763   875   845   839   831   719   684   714   716
169 198    15081   726   713   724   831   782   780   817   732   801   722   719   718   678   714   767   875   846   840   828   722   683   709   715
173 198    14032   726   712   721   829   783   779   818   735   801   720   721   718   680   711   766   875   846   840   828   720   681   712   718
177 198    12279   729   710   725   828   781   780   815   735   801   724   720   722   677   709   766   878   845   841   826   716   685   710   714
181 198    12034   728   712   725   827   781   780   816   733   801   723   720   721   680   711   763   876   844   842   831   717   683   711   711
185 198     9429   729   710   721   828   782   779   816   735   799   723   722   720   677   713   764   878   848   840   828   715   684   712   710
189 198     9314   729   712   722   831   780   777   818   733   799   721   719   719   680   711   767   875   846   843   829   718   681   713   714
193 198     7845   726   713   721   831   778   781   817   732   801   722   722   719   679   709   769   876   845   844   829   722   685   714   716
197 198    10659   727   710   725   828   782   780   818   734   799   726   717   724   679   709   766   877   845   840   830   717   686   713   718
201 198     9791   729   712   721   829   782   776   817   733   799   725   722   722   680   712   767   875   846   838   829   718   686   713   713
205 198    10957   728   713   720   830   780   781   819   735   801   722   721   720   681   708   764   877   844   843   829   719   682   714   711
209 198     9268   728   713   724   828   783   778   815   736   799   723   721   721   679   708   766   879   846   839   828   716   685   715   714
129 202     9314   731   711   723   827   783   779   817   733   799   724   720   723   677   707   765   875   845   841   827   717   685   710   711
133 202     6335   728   713   723   829   781   777   818   735   800   726   719   722   680   710   768   876   846   840   829   716   684   713   712
137 202     9032   725   712   722   829   782   777   817   735   802   724   720   717   680   711   764   875   846   838   829   717   684   713   711
141 202    12853   729   712   721   827   783   779   818   734   801   723   722   720   679   712   764   877   846   841   827   717   681   710   713
145 202     8744   728   712   723   829   780   778   818   734   800   726   718   719   679   710   767   878   843   839   830   715   685   714   711
149 202     8163   731   711   724   829   784   778   818   734   800   726   721   719   676   712   767   879   845   839   829   719   685   711   714
153 202    10935   730   710   722   829   783   780   815   735   798   724   721   720   678   709   766   877   846   842   826   720   686   711   718
157 202    11943   728   712   722   828   783   777   819   733   800   725   721   720   680   710   764   876   846   840   830   721   683   714   719
161 202    10968   729   710   725   826   783   780   813   735   801   723   723   721   677   713   766   877   845   841   826   721   685   712   718
165 202    11999   729   708   725   827   778   779   815   735   803   724   723   721   677   712   767   876   844   841   828   721   684   710   717
169 202    14739   727   712   724   829   782   775   819   731   801   723   720   717   680   711   763   873   845   838   830   721   685   713   715
173 202    13620   730   712   725   828   783   778   817   736   799   724   721   721   679   710   765   877   846   841   827   721   683   714   716
177 202    14372   729   710   724   829   785   777   816   732   801   722   722   719   676   711   767   875   844   841   828   719   683   712   712
181 202    14951   731   711   724   829   783   780   817   735   801   724   721   720   676   713   766   877   845   842   829   716   685   710   711
185 202    12182   729   708   722   830   781   780   817   735   799   724   722   719   678   712   767   878   843   840   829   718   684   712   713
189 202     8314   727   712   722   830   782   778   817   733   800   724   721   721   679   709   766   877   845   840   829   719   683   713   714
193 202     7852   728   712   727   830   779   781   817   733   801   724   719   718   679   710   765   875   843   842   829   722   686   711   717
197 202     6595   727   709   725   830   783   780   814   733   801   724   722   720   676   712   766   875   844   840   826   721   684   709   717
201 202     9285   730   712   723   829   780   777   818   735   799   724   719   724   680   708   766   876   845   842   830   719   685   713   716
205 202    10399   728   713   724   827   782   776   817   734   801   723   719   723   681   709   767   876   845   837   829   718   684   713   715
209 202    13217   729   712   721   828   782   779   818   732   799   723   722   721   681   711   765   875   846   842   830   716   683   714   711
129 206    12503   729   710   723   829   780   780   816   734   800   721   718   721   678   709   767   877   844   841   829   719   685   713   719
133 206     7732   726   710   721   829   782   777   818   736   800   725   721   719   679   711   767   878   845   838   829   721   688   714   714
137 206     8765   729   712   720   829   779   781   817   735   798   724   721   722   679   708   766   877   846   841   827   717   687   714   714
141 206    12124   729   710   726   828   780   780   817   734   801   724   719   722   679   712   766   877   843   841   827   714   684   708   711
145 206     8191   728   709   724   830   781   777   819   732   798   724   719   722   679   710   766   876   846   840   830   716   684   713   711
149 206    12256   729   712   722   827   781   777   818   733   800   724   719   721   679   710   763   877   845   838   829   719   684   712   716
153 206    10884   729   710   723   829   781   776   817   734   800   726   723   720   677   713   768   876   847   837   828   720   685   711   717
157 206    11213   729   712   724   827   781   780   815   735   801   723   722   722   679   707   767   877   845   843   827   720   683   713   717
161 206    14370   730   710   720   829   780   779   817   735   801   724   719   722   679   710   767   878   843   841   829   720   685   712   717
165 206    15030   730   711   723   828   780   780   817   733   800   724   716   722   679   704   766   878   843   842   829   718   684   713   715
169 206    15986   731   713   722   829   780   778   817   735   797   724   720   723   679   708   766   878   846   842   828   715   685   714   712
173 206    17487   730   711   725   827   783   779   816   734   801   724   722   722   676   712   765   877   847   841   827   715   685   712   713
177 206    14117   731   712   722   830   781   780   818   734   798   725   720   722   680   710   766   875   844   841   829   716   686   715   713
181 206    13479   729   711   722   830   780   780   816   733   799   723   723   719   679   708   768   875   843   841   827   715   685   712   711
185 206    11809   730   711   724   828   783   780   816   737   800   723   722   721   678   711   766   877   845   840   828   719   684   713   715
189 206     9613   728   714   722   826   781   779   818   735   803   721   719   721   679   710   767   876   844   841   829   722   681   712   718
193 206     7293   727   711   723   830   783   782   817   735   798   724   720   722   679   710   767   877   844   841   828   721   683   712   715
197 206     7110   728   712   723   829   777   780   817   733   801   724   719   721   679   709   766   878   845   841   830   719   684   712   718
201 206    11162   725   712   724   831   781   777   818   730   801   725   720   717   680   712   766   872   845   839   830   720   682   713   710
205 206    11887   730   709   722   828   781   781   818   735   801   725   719   722   679   707   765   877   842   840   829   717   684   712   713
209 206     7178   726   712   722   828   783   778   820   732   801   721   721   719   680   710   764   874   845   839   830   717   682   713   711
129 210    11243   729   712   724   828   783   779   816   734   799   720   719   721   677   711   767   877   844   840   827   720   684   712   718
133 210     9724   727   713   725   829   780   780   814   733   803   724   723   720   680   713   766   876   842   841   829   718   684   710   714
137 210    10100   727   711   724   829   783   778   818   733   799   721   721   719   680   711   765   877   845   839   830   718   685   714   711
141 210    10783   724   713   724   824   783   778   819   727   801   723   721   719   680   711   758   870   846   841   832   716   683   714   709
145 210    10072   728   711   719   829   782   774   818   736   800   725   721   719   681   710   766   879   845   840   829   716   685   712   712
149 210     7946   726   712   724   828   782   777   817   733   802   723   718   719   678   713   765   875   845   840   828   719   683   714   712
153 210    13065   728   711   722   828   783   780   817   733   801   722   721   719   678   711   766   875   847   840   830   721   684   714   718
157 210    14513   728   710   723   828   783   778   817   734   802   725   722   719   677   712   768   876   844   839   827   721   686   712   714
161 210    11575   730   714   723   828   780   781   818   734   798   722   722   720   678   710   765   876   847   841   828   720   683   714   717
165 210    17539   725   712   725   829   781   779   818   733   801   724   719   720   680   710   768   875   846   843   829   719   682   714   716
169 210    17815   731   712   724   828   782   777   818   734   800   723   720   721   681   710   767   877   844   838   829   717   684   713   714
173 210    18070   731   710   723   825   782   779   814   732   801   723   721   720   675   713   763   876   849   841   828   718   684   712   714
177 210    16420   731   712   722   829   780   781   817   734   799   723   721   723   680   709   767   878   845   843   829   715   684   713   718
181 210    14148   730   712   726   829   780   781   818   734   800   724   718   721   679   707   766   877   842   842   829   715   686   711   713
185 210    11327   727   712   724   828   782   778   819   732   801   721   721   719   679   711   765   875   845   838   829   720   684   714   713
189 210     7758   728   710   722   827   781   779   818   734   798   725   719   722   676   708   766   877   845   841   829   720   686   711   719
193 210     7973   730   713   724   826   781   780   818   734   798   723   721   721   679   709   763   877   846   841   829   719   684   714   717
197 210     9677   729   710   722   829   785   779   818   735   800   723   721   719   676   710   767   876   847   841   828   719   685   710   713
201 210    11282   729   711   724   827   782   777   818   735   803   724   720   720   680   711   766   876   843   840   830   717   686   712   712
205 210     8168   729   713   724   829   778   780   816   734   801   722   720   721   679   710   766   877   844   842   826   718   683   707   712
209 210     8448   724   713   724   828   782   779   815   734   801   723   722   717   679   711   768   876   845   840   830   719   681   713   711
129 214     7343   727   712   723   830   780   779   817   732   799   726   722   722   680   710   767   874   845   841   828   716   681   713   713
133 214    11061   729   710   723   827   783   783   818   735   798   723   721   722   679   710   763   877   846   842   828   716   684   713   712
137 214    11747   729   712   722   824   781   781   816   735   799   724   721   723   678   710   765   876   846   843   827   715   683   713   714
141 214    11826   728   710   721   829   782   779   815   734   797   724   722   722   678   710   767   878   845   842   826   716   685   712   714
145 214    11629   727   711   724   825   782   779   815   734   801   722   722   720   676   712   766   877   847   840   828   719   682   714   714
149 214    11597   729   710   725   831   781   780   817   734   801   723   718   719   675   709   767   877   843   841   829   723   684   711   716
153 214    11605   728   709   724   826   781   779   813   734   800   723   719   720   675   711   765   878   848   841   826   721   685   712   717
157 214    13070   726   715   722   829   783   779   816   734   801   723   722   718   681   709   768   875   846   839   828   721   682   713   715
161 214    12862   730   708   724   828   782   781   815   735   800   723   719   721   676   710   766   877   844   841   825   720   684   712   715
165 214    13182   729   711   725   829   782   777   817   734   797   724   716   720   680   710   765   877   846   839   830   717   684   712   714
169 214    16875   732   712   723   827   781   780   814   734   801   723   720   724   677   709   766   878   844   840   826   715   685   712   713
173 214    16871   734   710   720   828   783   778   813   733   800   724   724   721   678   712   766   878   847   840   826   716   684   711   713
177 214    13718   730   708   723   830   781   777   818   736   799   724   721   720   678   714   768   878   844   838   829   719   683   712   714
181 214    17030   730   712   726   829   781   781   816   735   801   722   721   720   679   710   765   878   843   841   828   718   683   713   717
185 214    11807   730   712   722   828   781   780   818   734   799   725   719   720   679   709   766   877   843   841   827   721   685   713   717
189 214    11795   729   713   724   825   781   780   818   733   801   721   721   721   678   712   762   876   845   840   829   720   681   715   718
193 214     9833   724   712   724   830   782   780   817   731   801   722   722   719   680   711   763   873   846   841   830   718   679   713   711
197 214    10466   729   709   725   826   782   780   813   733   801   724   721   721   676   712   765   876   846   841   827   719   685   716   712
201 214    12922   730   712   722   827   780   777   816   730   799   725   721   721   679   711   765   874   845   840   830   717   685   713   713
205 214    11867   725   712   723   826   783   778   816   733   798   724   721   719   680   712   768   876   844   838   827   718   682   713   714
209 214    10307   728   710   725   828   783   780   816   737   801   723   719   721   678   710   765   879   844   841   829   720   683   714   716
129 218    10889   728   712   722   830   781   774   818   732   801   726   722   721   679   711   765   874   845   838   830   715   684   713   710
133 218     7455   726   710   725   830   784   780   816   734   801   725   719   721   679   711   767   877   845   840   828   715   681   712   713
137 218    11415   728   713   722   829   779   783   818   736   800   724   721   721   679   708   767   879   844   843   829   717   685   713   713
141 218    10126   729   709   724   826   782   779   811   735   801   723   722   721   677   709   766   878   846   841   824   718   684   710   714
145 218    12439   728   712   725   827   783   779   818   731   799   722   721   720   679   711   763   874   846   841   828   720   682   714   717
149 218    11726   728   713   724   827   781   778   817   732   800   723   723   720   678   712   764   876   848   839   829   720   684   713   717
153 218    12030   730   710   725   829   781   781   816   734   799   724   722   722   678   711   768   876   843   841   828   719   685   711   715
157 218    13186   730   711   722   828   781   780   815   735   801   725   721   721   678   710   765   876   846   841   827   720   687   715   711
161 218    12102   729   709   722   829   782   778   816   733   800   724   720   719   678   711   770   876   846   840   828   716   684   712   710
165 218    14068   727   713   724   828   780   780   815   734   800   726   725   721   678   710   764   877   844   840   826   716   685   714   712
169 218    13641   728   712   723   830   781   775   819   733   801   725   721   720   680   710   763   874   843   839   829   718   687   713   711
173 218    16513   730   712   725   828   782   780   814   732   801   724   723   722   679   712   766   875   847   841   830   720   682   712   715
177 218    16417   729   713   723   827   781   777   817   734   800   720   723   719   681   712   766   877   846   839   826   721   682   713   717
181 218    10919   728   712   725   822   783   779   818   732   801   720   722   722   682   711   762   876   846   842   828   720   680   715   716
185 218    12066   728   713   724   825   783   779   817   733   800   721   721   721   678   712   762   876   847   842   829   718   680   713   713
189 218     8970   727   712   724   828   783   778   818   734   802   724   721   719   679   713   764   876   844   839   829   716   684   713   710
193 218    11058   730   711   723   827   779   777   817   739   802   724   720   721   680   709   767   878   844   840   830   717   684   713   713
197 218     6919   728   710   726   829   781   779   817   733   799   724   719   721   679   711   765   875   844   839   829   716   684   712   713
201 218    10344   730   710   722   829   782   779   817   733   798   724   720   720   676   713   766   878   845   840   828   721   686   707   717
205 218    10299   731   712   724   827   781   780   819   733   801   723   722   722   680   710   764   876   844   840   828   720   683   714   716
209 218     9819   728   710   723   827   782   781   818   732   800   724   721   722   681   709   765   876   845   842   830   718   681   714   714
129 222    10564   726   712   724   828   781   778   815   731   801   724   721   719   679   712   766   874   845   840   827   722   685   714   714
133 222    11505   724   713   723   829   780   778   819   733   802   723   722   719   680   710   765   875   845   841   829   721   684   713   714
137 222    10771   723   714   722   831   782   778   817   733   801   724   721   717   679   711   767   875   845   842   830   718   681   714   711
141 222    11043   729   710   722   828   781   776   818   734   798   724   716   722   677   710   765   877   844   840   829   715   684   711   713
145 222     9081   727   711   724   830   782   782   817   737   799   724   719   718   680   707   766   880   845   840   829   717   684   713   712
149 222     9991   729   711   722   827   780   780   817   733   801   725   722   721   677   706   765   877   846   841   828   719   685   713   715
153 222    11451   729   712   723   829   782   781   815   735   801   723   721   722   680   710   766   879   846   841   828   722   684   713   717
157 222    11712   726   710   724   829   783   776   817   734   801   724   722   719   675   713   767   877   846   837   829   721   684   710   716
161 222    11639   731   710   723   829   784   777   818   735   799   725   721   724   679   712   767   876   843   837   830   720   684   712   718
165 222    11593   729   711   724   828   780   780   815   734   801   724   719   721   679   709   768   877   845   841   828   720   685   711   713
169 222    11334   729   712   725   828   782   777   818   732   801   724   721   720   683   710   764   874   845   837   830   717   680   714   711
173 222    14692   730   711   725   830   780   781   819   730   797   724   721   718   680   708   766   874   843   842   831   715   684   713   714
177 222    14375   730   714   721   829   779   782   815   735   801   724   724   721   680   709   766   877   844   843   826   717   684   712   711
181 222    12445   732   711   722   829   783   777   818   733   798   724   719   723   679   710   767   876   846   838   828   715   686   713   714
185 222     9904   727   710   724   826   783   780   815   733   800   722   720   721   677   712   767   875   846   841   827   719   683   711   714
189 222    11165   728   710   722   829   782   775   818   734   801   722   721   719   678   711   765   876   845   838   829   720   683   714   715
193 222     9701   730   711   724   828   781   777   817   735   799   724   719   721   678   709   765   877   845   840   829   720   685   713   717
197 222     9898   729   710   722   827   783   778   819   734   799   722   719   722   678   712   763   877   846   840   830   720   685   711   715
201 222     8246   728   713   727   827   780   781   821   733   800   722   718   722   681   709   764   876   845   841   831   720   683   712   717
205 222    11131   730   711   723   828   780   780   818   735   801   723   719   720   681   711   764   876   845   841   829   719   683   713   715
209 222    11566   727   711   724   827   784   779   815   732   801   723   719   719   678   711   763   876   846   840   825   717   683   712   711
129 226    10066   726   711   721   830   782   778   818   735   797   724   722   723   679   712   768   876   843   839   830   719   687   714   720
133 226     8881   729   712   724   829   779   780   818   732   798   724   718   721   680   709   766   875   844   841   830   718   684   712   717
137 226     7809   727   712   725   827   783   779   816   732   801   722   720   720   678   711   760   875   845   841   827   717   681   711   713
141 226    10808   729   713   726   831   781   780   818   733   800   724   720   719   680   710   766   879   845   840   830   715   684   713   709
145 226     9369   727   710   725   827   780   780   816   734   798   724   722   721   678   712   767   876   842   841   828   717   685   714   712
149 226     9963   729   708   724   829   782   778   817   734   799   724   721   720   677   711   768   878   843   840   828   718   683   711   717
153 226     8518   727   706   725   830   783   777   818   734   800   723   720   720   678   711   768   877   842   838   830   722   687   711   716
157 226    11158   727   712   723   827   782   781   818   734   801   722   721   723   681   710   765   876   846   842   829   721   683   714   717
161 226     9930   729   712   724   829   781   777   817   734   795   723   724   722   679   711   766   877   845   841   826   719   682   712   716
165 226    13118   729   711   725   827   782   780   817   734   801   723   718   720   679   711   764   877   844   841   828   720   683   711   715
169 226     9559   728   712   722   829   782   776   820   729   800   725   721   719   680   711   763   872   845   838   827   718   685   713   715
173 226    11193   731   711   720   829   782   777   817   735   799   724   721   718   679   712   767   877   845   839   829   717   685   713   710
177 226    12501   728   712   725   827   782   780   818   732   800   720   722   722   677   712   760   876   845   842   828   717   681   715   713
181 226    11120   728   714   724   824   783   778   816   734   801   722   721   721   680   712   764   877   846   839   831   716   682   714   713
185 226     9567   728   712   720   830   782   773   818   734   801   725   721   719   678   712   768   876   845   838   829   717   683   712   711
189 226    10757   727   711   724   828   782   777   814   732   802   722   725   720   679   713   764   876   845   841   827   718   684   710   711
193 226    10765   728   712   724   828   782   779   817   732   801   721   719   721   679   712   764   875   844   840   827   717   679   712   713
197 226    10457   729   715   722   829   780   778   815   735   801   722   724   720   679   711   767   877   845   842   826   720   682   714   714
201 226     9864   728   711   725   827   781   780   819   733   802   722   719   721   679   710   763   875   842   841   830   722   681   713   717
205 226     8949   728   713   725   827   781   780   818   734   801   723   720   721   681   708   763   876   845   842   831   719   683   712   717
209 226    10223   727   711   724   826   782   778   818   733   800   723   721   720   677   709   763   876   844   841   828   718   684   715   713
129 230     7799   728   711   722   830   778   782   816   735   804   723   722   721   680   710   767   878   841   842   828   721   684   712   715
133 230     8486   730   712   722   829   781   780   818   735   796   725   720   721   680   710   766   879   846   840   830   720   686   716   720
137 230     8473   729   712   724   828   778   781   817   734   801   724   717   722   680   708   766   877   842   841   829   720   684   712   716
141 230    10509   726   712   723   832   783   775   818   732   801   724   718   716   678   712   767   875   845   837   830   718   685   713   710
145 230     9410   729   711   723   829   781   780   818   735   800   722   717   719   677   713   765   877   843   841   829   718   686   711   713
149 230    10506   729   710   725   827   783   779   816   734   801   723   723   721   676   713   765   876   845   841   826   717   683   709   712
153 230     8987   727   711   722   830   780   777   817   733   798   727   720   720   680   710   766   876   845   839   828   717   683   714   713
157 230     8455   729   714   725   828   779   781   815   735   801   723   718   722   679   707   766   877   841   841   827   719   684   712   716
161 230     8972   726   710   723   830   782   780   819   735   801   724   718   717   678   710   765   877   845   841   829   722   684   712   718
165 230     7846   727   711   722   827   781   779   817   733   801   724   721   719   677   710   765   876   844   839   831   723   685   714   718
169 230    10444   729   714   726   827   780   779   818   733   801   721   719   722   680   709   765   875   845   841   830   721   681   714   716
173 230    12325   728   711   725   829   782   780   818   733   801   723   720   718   678   710   764   877   843   841   830   718   683   713   713
177 230    11791   728   711   725   828   782   779   819   736   797   727   718   721   679   710   763   879   846   838   829   715   685   713   711
181 230     6744   729   712   725   827   783   776   819   733   798   726   720   722   677   712   764   876   845   837   830   715   686   712   713
185 230    12309   729   709   727   828   781   780   816   735   799   724   720   722   679   710   766   877   844   841   828   716   683   713   713
189 230     6701   727   713   725   828   782   780   815   734   803   721   720   721   680   711   765   876   845   841   828   718   682   711   714
193 230     8561   729   710   725   829   780   780   818   735   800   723   718   721   678   713   766   876   842   841   830   720   684   712   716
197 230    11727   732   710   720   829   783   778   818   734   799   725   722   722   679   710   766   879   846   840   830   720   688   713   720
201 230     9751   728   712   722   829   778   781   818   737   801   724   722   721   679   707   766   876   842   845   829   721   685   714   718
205 230    10983   729   709   724   829   781   779   816   734   802   725   720   722   678   709   767   877   843   841   827   720   684   712   717
209 230     7931   727   710   724   828   781   781   815   734   801   724   721   721   677   711   766   877   843   841   828   718   685   711   715
129 234     8567   729   712   720   827   782   778   817   732   800   724   722   722   679   710   764   877   845   841   828   719   684   712   718
133 234    10062   728   712   726   825   784   780   817   735   801   723   720   722   677   710   764   877   844   840   829   720   683   713   718
137 234    10402   729   709   723   828   781   779   817   735   799   724   718   722   677   710   767   877   846   841   827   720   685   710   717
141 234     8507   731   712   722   829   782   780   818   733   799   723   720   720   678   711   767   877   843   842   829   721   684   711   718
145 234    10273   731   710   722   829   780   781   818   734   799   724   720   723   678   711   766   876   843   842   830   718   684   713   716
149 234     8599   726   713   724   830   783   779   816   734   800   721   722   718   680   711   766   875   845   839   827   718   680   713   711
153 234     6929   727   712   725   826   783   779   818   730   801   725   721   719   679   711   764   875   846   839   831   717   683   714   711
157 234     7495   728   712   721   828   783   781   817   736   801   718   715   719   682   706   767   879   845   842   829   716   679   716   716
161 234    10968   730   712   723   829   782   778   818   735   792   724   722   722   679   709   767   876   846   841   830   715   685   714   711
165 234    11568   726   714   721   831   783   780   818   733   801   719   721   717   679   711   766   875   846   841   829   717   679   711   712
169 234    10811   729   712   722   830   783   777   817   734   798   724   721   721   679   711   765   876   846   838   831   720   684   714   715
173 234    12034   727   710   724   829   781   780   816   735   803   724   721   721   677   710   766   877   846   841   828   720   684   711   717
177 234     8755   728   712   723   829   781   779   819   733   799   725   720   719   679   710   767   877   845   840   829   720   683   713   716
181 234     9798   726   710   724   828   784   779   818   733   799   724   720   720   678   710   766   876   846   841   828   720   684   714   717
185 234     9433   726   712   724   827   780   779   816   734   802   722   719   723   681   708   765   878   844   841   828   720   684   715   718
189 234     9831   726   714   726   828   781   780   820   732   803   721   720   720   679   710   764   875   843   842   830   719   682   713   714
193 234     9511   730   711   721   828   782   778   817   735   799   723   720   722   679   710   764   879   846   839   827   716   685   711   712
197 234     9057   729   709   723   827   781   778   818   733   801   723   721   721   677   711   765   876   846   840   829   718   685   710   712
201 234    10287   729   711   725   828   782   780   817   734   800   723   719   722   678   710   766   877   846   842   828   715   683   711   712
205 234    10105   729   713   722   827   780   777   816   735   802   724   720   722   679   712   762   877   844   839   831   719   686   712   716
209 234    10078   728   712   722   828   783   778   818   730   798   727   720   720   679   711   765   874   845   839   829   722   688   713   716
129 238     8240   728   712   721   826   778   782   816   735   801   724   721   722   680   707   767   876   842   841   829   718   684   714   714
133 238    10062   729   713   724   825   781   779   814   732   801   723   722   721   677   711   766   876   846   841   825   718   683   710   714
137 238    12447   729   710   726   828   780   780   815   734   803   722   719   721   678   713   766   877   844   841   827   718   684   708   715
141 238     7702   727   711   723   830   780   779   814   734   803   724   720   720   679   709   767   878   844   842   828   723   684   716   717
145 238     8905   727   712   722   829   782   776   817   732   798   724   719   721   677   713   767   876   846   838   829   721   685   711   717
149 238    12496   730   711   722   829   778   780   818   735   802   723   722   719   678   711   768   876   845   842   828   722   685   712   716
153 238     8419   729   710   722   829   781   778   816   734   800   724   723   719   678   712   767   877   842   841   828   720   685   711   718
157 238     8866   729   710   725   828   781   780   816   734   798   723   718   722   677   710   765   877   845   840   830   718   683   712   716
161 238     9747   728   712   727   829   783   780   818   736   801   722   718   720   680   711   767   877   845   841   829   717   681   710   713
165 238     8147   729   709   725   828   782   782   816   734   798   723   720   723   678   709   766   878   846   842   827   715   684   712   712
169 238    10132   727   710   725   831   784   778   816   732   800   724   721   719   678   709   766   875   846   840   827   717   685   711   713
173 238    10475   729   713   722   828   782   781   816   735   802   722   723   721   678   710   765   877   842   842   826   719   681   712   715
177 238     9153   728   712   724   828   782   781   816   734   799   723   721   720   680   711   767   878   846   841   825   722   682   713   715
181 238    12009   729   711   724   827   780   780   816   735   802   723   723   721   679   712   766   877   843   841   827   721   684   711   717
185 238    10477   730   709   724   825   783   776   817   731   799   724   721   722   676   712   762   874   846   837   829   720   686   713   716
189 238    10587   730   712   727   828   777   781   817   734   801   724   717   722   679   706   766   877   843   841   829   718   684   713   714
193 238     8832   728   712   724   826   782   781   814   734   801   722   721   721   675   712   765   877   845   841   826   718   684   710   713
197 238     8312   728   710   725   829   781   781   817   731   803   722   719   720   676   711   765   876   844   841   830   718   683   712   713
201 238    12601   729   715   722   827   783   779   819   733   800   723   721   721   677   712   765   875   846   843   829   716   684   712   711
205 238     6135   728   712   720   828   781   778   818   735   800   725   721   724   680   709   767   881   845   841   828   716   686   713   714
209 238    10698   728   712   723   829   780   783   817   738   799   724   720   719   680   710   766   878   845   841   829   721   685   714   717
129 242    10460   729   712   725   829   782   779   816   734   796   724   721   719   678   711   767   876   846   839   826   716   685   713   713
133 242    11364   728   711   727   828   781   779   816   732   801   722   719   719   678   710   766   876   846   841   830   718   682   713   714
137 242    11859   727   711   726   827   783   781   817   736   801   722   719   719   678   709   767   879   846   840   830   721   682   712   717
141 242     8177   728   708   724   828   783   778   815   734   799   726   719   720   677   713   766   876   846   839   827   721   685   711   717
145 242    12542   730   712   723   831   778   780   816   733   802   724   723   719   680   710   767   875   844   844   827   722   685   714   716
149 242     7901   724   711   724   827   783   778   816   734   800   723   721   719   678   712   764   877   845   837   828   718   686   714   714
153 242    11838   731   711   724   826   782   777   819   732   799   724   719   721   678   712   763   877   847   837   832   716   686   713   715
157 242    10102   729   709   725   827   783   780   819   733   802   724   720   720   676   711   763   876   845   841   830   718   685   712   713
161 242    10559   728   712   724   827   780   777   817   734   800   723   721   719   679   709   765   876   845   840   831   719   686   714   716
165 242    11318   729   711   724   827   784   780   814   732   802   722   720   721   676   711   765   876   845   842   829   721   683   713   715
169 242    12332   731   712   725   829   782   778   817   734   799   723   718   722   678   715   767   878   844   840   828   720   684   712   719
173 242    11558   726   713   724   830   783   778   819   730   801   721   721   717   680   712   764   874   845   838   829   720   683   712   715
177 242    10096   728   714   723   827   783   781   820   733   798   719   722   721   682   712   762   876   846   842   831   718   681   715   716
181 242    10077   730   707   722   825   782   781   815   734   801   724   720   722   676   711   764   877   844   841   831   717   685   712   714
185 242    11864   729   709   724   829   779   780   816   732   801   724   719   721   678   710   767   875   843   841   828   716   685   710   711
189 242     8457   731   710   723   829   779   780   817   734   801   725   720   723   679   712   767   876   842   841   829   715   685   711   713
193 242     9174   728   713   725   827   782   779   815   734   801   722   722   722   679   711   765   877   843   840   827   718   682   714   714
197 242     9693   727   712   725   830   784   778   816   732   800   726   721   717   677   712   765   874   845   839   827   721   684   712   716
201 242    13200   728   710   724   829   781   777   817   731   801   722   720   720   680   710   765   875   844   842   828   721   682   712   716
205 242    10054   729   710   724   828   780   779   818   733   801   724   720   723   679   708   765   875   843   840   830   720   684   714   716
209 242     9845   726   707   724   830   781   778   817   733   801   726   720   720   679   714   767   875   843   840   829   719   685   711   713
129 246     7804   727   713   724   831   780   780   819   733   801   723   720   718   679   710   765   875   845   841   830   720   684   713   715
133 246     9542   729   713   722   829   783   776   818   735   802   724   719   722   679   710   765   877   846   839   829   721   684   712   716
137 246     9641   732   712   725   832   781   781   817   733   798   724   721   721   680   712   767   876   844   841   830   720   684   714   720
141 246     7626   727   712   722   831   782   777   817   736   800   724   721   719   679   711   768   877   845   838   829   721   685   713   715
145 246     8389   728   710   722   827   779   781   815   734   802   725   721   720   678   715   766   876   843   840   827   718   685   708   715
149 246    12549   731   713   723   829   780   782   818   734   797   723   720   723   680   707   767   877   845   844   829   716   684   713   712
153 246     7137   731   711   723   829   783   775   820   731   798   722   721   720   679   712   764   879   845   839   829   715   685   713   713
157 246     8716   726   712   724   829   782   776   817   730   801   724   721   718   678   712   765   873   845   837   828   719   683   714   713
161 246     8612   727   712   721   830   780   779   817   735   799   724   721   720   679   708   766   877   845   840   829   719   685   714   718
165 246     6106   728   710   721   829   780   780   817   736   798   724   721   721   679   711   767   878   846   841   829   719   685   713   716
169 246    12246   729   710   721   830   781   782   817   736   797   723   720   719   678   707   766   876   845   841   830   720   686   714   714
173 246     8332   727   712   724   828   783   778   819   733   800   723   720   719   679   709   766   877   844   839   829   715   683   714   712
177 246     8376   728   712   724   832   781   780   816   735   801   723   721   719   680   709   767   877   844   842   828   718   683   712   713
181 246    15439   732   711   721   829   783   780   818   734   799   723   720   719   678   710   767   875   846   840   830   717   686   711   712
185 246    10428   729   712   723   828   781   782   816   734   801   723   721   722   678   710   766   877   844   842   828   719   684   715   717
189 246     6967   728   712   721   827   782   779   815   733   798   723   722   721   678   711   766   876   846   842   826   720   684   713   719
193 246    11829   730   711   722   828   781   778   818   733   799   723   719   720   678   712   764   876   847   840   830   719   685   711   716
197 246     9769   729   710   726   826   782   779   817   734   801   724   719   722   676   713   764   877   844   840   830   715   685   712   712
201 246     9248   726   710   723   831   783   779   815   734   801   724   721   720   678   713   767   876   845   841   828   716   684   710   712
205 246     9792   729   711   726   828   782   780   816   732   800   722   720   721   677   710   765   875   844   840   830   719   683   713   715
209 246    11529   726   713   724   827   778   778   818   733   801   727   721   720   679   711   763   876   844   839   831   720   686   713   715
129 250     6435   727   711   722   829   782   780   817   737   799   722   720   720   678   709   766   881   846   839   830   717   682   715   716
133 250     8353   730   712   719   830   781   779   818   733   799   724   721   720   678   709   767   880   846   842   829   717   683   713   715
137 250     9408   730   712   722   830   779   777   817   731   797   723   721   720   679   712   765   875   846   839   830   717   684   713   713
141 250    12878   731   712   725   828   781   780   818   735   799   724   719   722   678   708   765   877   844   843   830   719   683   713   718
145 250    11010   729   711   725   829   780   781   814   735   802   723   721   721   679   709   767   878   842   841   826   722   685   712   718
149 250     9249   728   710   722   828   783   779   818   732   801   724   719   720   677   710   766   876   842   841   830   720   686   712   719
153 250    10183   728   712   725   829   782   780   817   734   799   725   719   720   678   709   765   879   844   839   831   722   685   713   718
157 250    10346   728   710   723   829   783   779   817   736   801   726   721   720   677   709   766   877   846   839   829   721   688   714   716
161 250     9780   729   709   726   827   782   780   815   734   800   725   719   721   677   711   765   877   845   840   827   718   685   713   714
165 250     8493   731   710   726   829   783   779   819   734   799   725   718   722   678   711   766   878   844   840   829   716   685   710   716
169 250    12469   728   711   727   826   780   781   819   734   802   723   720   722   680   710   764   877   843   841   829   716   681   713   713
173 250    10030   729   711   724   827   783   778   820   733   799   724   721   721   678   712   763   877   847   838   830   718   684   713   712
177 250    10068   726   712   722   830   781   781   817   734   799   722   720   721   678   707   769   876   845   841   829   717   683   711   710
181 250     7566   727   711   723   828   784   781   817   732   801   722   721   719   677   709   767   875   845   841   829   718   684   713   714
185 250     9152   728   708   727   830   783   779   816   735   798   722   721   721   678   709   767   879   845   842   829   721   683   711   717
189 250    13015   731   713   725   828   783   780   816   734   801   723   722   723   680   713   765   877   844   839   828   719   683   712   718
193 250     9170   730   712   724   829   782   781   817   735   796   722   723   719   679   712   767   878   846   842   827   716   681   714   711
197 250    10022   729   711   722   829   782   778   817   734   799   722   717   721   678   711   766   877   842   839   828   716   684   711   712
201 250    11355   730   709   724   827   784   780   818   734   799   724   718   723   676   710   765   876   847   841   830   720   685   713   717
205 250     8289   730   711   724   828   779   778   818   735   798   724   717   722   678   714   766   876   846   840   829   721   686   709   718
209 250     9595   726   711   724   826   783   780   814   734   800   720   723   718   679   711   768   877   844   841   825   719   681   714   714
