! Map center:  169,210
129 170    10041   728   712   725   829   783   780   818   735   798   726   720   720   679   710   768   877   845   839   831   722   685   714   714
133 170    11610   729   711   726   829   779   781   818   734   799   724   720   722   679   710   766   877   844   841   829   721   686   713   719
137 170     9879   729   712   722   830   782   778   818   737   801   723   720   722   679   709   767   876   846   840   830   717   687   713   713
141 170     9672   728   714   727   828   782   779   818   732   801   722   720   720   680   712   765   875   846   840   830   718   682   714   713
145 170    11408   730   714   725   826   783   780   816   735   800   721   722   722   679   711   763   878   847   841   828   722   681   714   717
149 170    10959   730   713   725   829   783   780   816   734   800   722   721   722   677   713   764   877   847   841   829   720   684   713   717
153 170    10961   729   710   727   830   782   780   818   735   801   724   721   720   679   711   766   877   846   841   830   721   683   711   716
157 170    10581   727   710   724   829   783   779   818   733   802   724   720   719   679   710   766   876   847   842   830   719   686   712   710
161 170    11016   730   710   725   828   782   780   818   734   801   723   719   722   678   711   766   875   845   842   830   716   683   715   710
165 170    11809   728   712   725   829   782   780   817   733   803   724   721   720   679   709   768   877   844   841   828   718   684   714   716
169 170    13172   731   712   724   828   780   781   817   732   801   722   721   722   682   710   766   876   845   843   827   721   684   714   718
173 170     8895   729   711   725   826   783   780   817   734   800   722   721   721   679   711   764   877   846   840   830   720   682   714   715
177 170    11481   729   710   726   828   781   780   817   735   801   724   722   721   678   710   766   877   847   843   827   716   685   711   712
181 170     7852   727   712   725   828   781   779   817   734   799   724   720   721   680   712   767   877   844   841   828   717   685   712   716
185 170     9767   729   710   726   826   783   779   814   734   802   724   721   720   678   712   763   878   845   841   830   720   683   714   717
189 170    12098   725   713   724   828   777   780   818   735   801   722   721   721   680   710   767   876   845   842   830   721   683   713   717
193 170     9689   725   715   724   823   782   780   818   735   799   717   722   722   681   712   759   876   845   841   830   718   678   714   717
197 170    11288   731   711   724   829   783   779   818   734   800   724   719   722   679   713   766   878   846   841   828   716   683   709   712
201 170    10682   730   711   725   828   783   780   816   734   799   722   722   721   679   712   765   877   845   841   829   717   683   714   711
205 170     8668   729   710   725   828   780   779   815   734   801   724   722   722   678   712   765   877   845   840   831   720   685   714   716
209 170    12425   729   711   725   830   782   778   815   736   802   725   723   720   679   710   766   877   844   842   829   722   685   712   717
129 174     7964   730   713   723   829   781   780   816   734   799   723   720   723   680   709   767   878   845   842   828   721   685   713   717
133 174    10602   728   711   722   828   780   779   818   732   802   724   722   720   678   709   767   876   844   842   829   721   685   713   717
137 174    11414   729   712   723   828   781   782   818   735   800   724   720   722   678   709   766   877   845   842   829   717   684   713   714
141 174     7010   729   711   725   829   778   780   817   734   802   724   721   722   679   710   766   876   844   841   830   715   685   711   711
145 174     8300   727   711   725   829   781   781   814   735   801   725   720   722   680   706   766   877   842   842   828   720   686   713   713
149 174     9713   728   712   724   831   782   777   818   732   802   727   721   721   679   712   765   874   845   839   828   720   683   713   716
153 174     6914   726   712   722   829   783   778   817   735   799   726   722   718   680   711   766   877   845   840   829   720   684   712   717
157 174     8251   728   711   724   828   782   780   816   735   803   724   720   722   679   710   765   876   845   842   829   718   685   710   712
161 174    11019   730   712   726   829   781   781   818   734   801   724   718   722   680   709   765   876   846   842   827   716   685   711   712
165 174    10081   728   713   725   828   782   778   819   733   800   724   718   720   679   709   767   875   845   840   828   717   685   714   711
169 174    15000   729   711   723   828   782   779   816   735   799   724   721   720   679   711   767   879   845   840   830   721   685   714   717
173 174     8303   730   712   723   829   783   779   817   735   799   725   721   722   679   711   767   878   846   841   828   721   685   715   720
177 174     9664   729   712   726   830   783   778   818   734   798   725   719   721   680   712   767   878   845   840   828   718   686   713   714
181 174    11630   727   712   724   831   780   779   817   734   800   724   722   720   679   710   766   876   846   840   830   718   686   714   712
185 174     9153   729   711   725   827   783   780   816   734   801   724   722   722   679   712   766   877   846   841   828   717   684   713   713
189 174     9086   725   713   723   830   780   782   817   735   800   724   721   718   679   710   768   877   844   843   830   716   685   714   712
193 174    11081   728   712   725   828   782   782   817   733   800   724   722   721   679   710   765   876   845   841   830   720   685   713   714
197 174    11289   730   712   721   829   783   777   818   735   800   724   724   721   679   710   767   877   846   841   828   721   686   713   719
201 174    12026   730   712   723   829   781   780   818   733   803   723   718   722   679   709   766   878   843   842   831   720   685   713   716
205 174     9023   725   712   724   827   782   781   818   733   801   722   721   720   678   712   766   877   846   841   832   717   681   715   711
209 174    11166   727   710   725   827   783   780   816   736   801   725   720   721   677   712   764   877   847   841   828   717   684   712   713
129 178     9781   728   709   726   828   784   778   816   734   801   725   720   720   677   711   767   876   844   840   830   721   685   712   715
133 178     9511   731   712   723   826   783   778   816   735   799   724   722   721   679   711   765   878   847   841   830   716   684   713   712
137 178    11031   728   713   723   829   780   777   819   734   802   725   722   720   680   712   766   876   845   840   829   717   686   712   711
141 178     6992   728   710   724   826   783   781   816   735   800   723   721   721   677   710   764   876   845   841   830   721   686   715   715
145 178    10888   730   711   725   828   782   782   818   735   800   723   721   724   679   710   766   878   846   839   830   718   685   714   717
149 178    12006   731   710   725   828   783   779   819   735   799   725   720   722   677   711   764   878   846   841   830   720   685   712   718
153 178    11803   730   710   726   828   783   780   815   734   801   723   721   722   676   712   765   877   849   841   825   718   685   712   714
157 178    11020   727   712   725   830   782   779   818   731   801   723   722   719   679   712   767   873   845   842   828   717   683   711   710
161 178     9013   725   713   723   828   782   779   818   733   801   722   721   717   680   711   769   874   845   838   829   719   683   714   713
165 178     9805   730   713   723   826   780   780   817   735   800   725   720   721   680   710   768   877   846   843   830   721   685   714   718
169 178    10217   729   712   725   828   781   780   815   735   800   724   722   721   679   711   765   877   844   840   830   721   686   714   717
173 178    10182   728   713   724   828   781   778   816   734   801   723   722   721   680   711   765   877   843   839   830   720   686   713   714
177 178    12414   732   713   724   829   782   778   818   734   799   722   721   720   680   712   766   877   846   842   830   716   685   713   714
181 178    13345   730   712   725   828   783   779   818   734   798   723   721   723   680   711   766   877   845   842   830   717   684   712   714
185 178    11741   729   710   724   829   781   780   817   734   800   725   719   720   678   713   767   877   847   839   830   717   685   711   711
189 178    11219   729   713   724   828   783   781   815   734   803   723   722   721   680   710   767   878   844   841   828   719   684   714   715
193 178     8951   729   711   723   828   783   778   815   732   801   722   722   721   678   712   766   876   844   841   830   722   684   714   715
197 178    11779   730   712   721   829   783   778   817   734   800   724   721   721   679   710   767   877   846   840   829   720   684   713   718
201 178     9378   729   713   725   825   783   780   815   733   801   723   722   722   678   711   764   877   845   840   829   719   683   713   715
205 178    10989   729   711   724   829   779   782   818   735   800   724   719   721   679   706   766   878   845   842   830   716   685   713   712
209 178    10391   730   712   723   829   780   780   817   735   800   724   721   722   680   706   766   878   846   844   829   716   685   713   715
129 182     9420   727   712   726   832   782   779   818   734   801   723   720   720   680   710   767   877   845   841   830   716   684   713   711
133 182     9066   730   711   724   828   782   780   819   734   800   724   721   723   679   712   766   875   845   841   830   717   687   711   711
137 182    11313   730   712   724   828   781   780   820   735   799   724   718   721   679   710   764   877   845   841   830   720   685   711   716
141 182     8370   728   713   725   828   783   779   819   733   803   724   720   721   681   713   763   875   844   841   831   724   683   712   717
145 182    11073   730   714   724   827   782   778   816   734   800   725   718   722   680   709   767   878   846   842   829   718   685   714   714
149 182    10185   727   713   724   829   782   778   816   734   801   725   721   720   678   713   765   877   846   841   830   717   685   714   711
153 182    10820   729   712   725   829   781   776   817   735   800   724   720   721   680   711   767   877   846   842   829   716   685   714   711
157 182     9600   729   710   723   829   780   780   817   735   801   724   718   721   678   713   766   878   845   841   829   720   685   712   714
161 182    10207   729   711   725   829   781   780   818   733   803   725   718   721   678   712   767   876   843   841   830   721   685   712   717
165 182     9536   727   713   724   827   782   779   820   729   802   725   722   721   681   712   763   874   846   841   830   721   682   714   716
169 182    12796   729   710   723   829   784   780   819   735   801   725   719   721   678   711   766   877   844   841   828   720   684   714   716
173 182    12042   727   712   726   829   782   777   817   733   801   722   720   718   682   712   767   875   846   840   830   718   682   714   712
177 182     9534   729   711   724   828   784   781   814   732   801   722   721   722   680   713   765   876   845   842   829   717   684   710   712
181 182    11628   728   712   723   829   780   780   818   734   802   724   720   720   680   711   767   877   846   842   830   719   684   712   714
185 182    11463   728   713   723   828   780   781   816   734   801   722   721   720   679   711   767   876   842   843   829   722   685   713   716
189 182     9659   729   712   725   827   781   781   818   733   801   724   721   721   680   709   765   877   847   842   829   721   685   713   716
193 182    11121   728   711   725   830   783   778   816   734   801   725   721   717   677   712   766   875   845   840   830   720   684   714   715
197 182     8483   727   711   724   829   780   782   818   733   801   724   720   721   679   708   765   876   846   843   831   718   685   713   713
201 182    11888   727   713   724   828   780   779   816   735   802   723   722   722   678   710   766   877   845   842   828   717   685   713   712
205 182     9512   729   712   724   828   783   782   817   735   801   723   724   722   678   711   767   877   844   842   828   718   684   712   712
209 182    10131   730   712   723   829   782   780   818   734   797   724   720   721   679   709   767   878   846   840   829   719   684   714   717
129 186     7072   731   712   722   829   783   777   818   733   798   725   722   723   679   712   768   875   847   838   830   715   686   714   712
133 186     9946   729   711   724   827   784   780   816   734   801   724   720   722   677   715   765   877   844   841   829   715   685   711   712
137 186    11480   728   713   724   827   782   779   817   734   800   723   721   721   680   712   764   877   845   839   829   719   684   716   716
141 186    12231   729   713   725   828   784   779   819   733   799   724   721   721   679   712   764   878   846   840   830   720   683   713   716
145 186    11904   729   712   724   828   781   778   818   735   803   724   718   722   680   711   766   878   845   842   830   719   684   713   717
149 186    10110   729   712   723   828   781   779   815   734   801   724   722   722   680   710   766   876   845   842   829   716   685   712   714
153 186     9429   728   712   721   828   783   778   815   733   799   725   721   719   680   713   765   876   848   840   830   717   683   712   712
157 186    13674   729   712   724   827   783   778   816   735   801   722   721   720   680   712   767   877   846   840   829   718   686   714   713
161 186    10573   731   713   721   829   782   779   818   733   801   725   722   722   678   711   767   877   846   839   830   720   685   713   719
165 186    12804   729   713   725   829   782   778   818   733   802   722   723   721   682   712   765   875   846   840   828   720   682   712   716
169 186    12145   729   708   725   829   783   780   815   734   801   726   720   721   675   712   766   877   849   840   829   722   685   714   714
173 186    10219   729   711   719   830   783   776   818   734   801   724   721   721   679   709   767   879   847   840   830   716   687   713   714
177 186    15810   733   713   722   829   782   779   818   735   798   724   721   723   679   710   767   878   846   842   829   716   685   714   714
181 186    12479   730   711   724   826   783   780   816   735   800   724   720   721   677   712   765   878   847   842   830   719   685   712   716
185 186    13033   731   711   725   830   779   781   818   734   800   724   718   722   680   711   766   877   845   842   829   720   684   713   720
189 186    10921   730   711   723   828   782   778   818   737   800   726   719   722   680   711   766   878   846   840   830   722   683   713   716
193 186    10878   729   712   725   828   782   779   814   733   801   720   721   722   679   712   766   876   844   842   829   718   681   712   714
197 186     9680   729   710   723   828   781   783   815   734   800   723   720   723   679   708   767   877   847   842   829   716   685   713   713
201 186    12737   730   713   723   829   783   778   817   734   799   723   722   722   678   711   766   879   847   841   828   716   684   713   713
205 186    10168   729   712   726   828   782   781   819   735   800   725   720   721   680   710   764   878   845   841   830   721   685   713   716
209 186     9634   729   710   725   830   783   779   819   736   801   727   724   721   678   712   764   877   846   839   828   721   685   714   718
129 190    12719   732   713   724   829   781   779   818   732   801   724   721   723   680   709   767   876   844   841   830   721   685   713   716
133 190    11804   729   711   726   829   781   780   817   735   803   724   718   721   678   710   766   876   843   842   829   722   685   709   717
137 190    11319   727   712   725   827   781   781   814   734   802   724   721   720   680   711   766   878   845   842   828   718   684   713   714
141 190    10980   729   716   723   830   783   779   817   731   802   720   721   719   680   711   767   873   846   840   830   717   682   712   711
145 190    10372   729   714   724   827   782   780   814   730   801   720   721   721   680   712   764   874   846   842   829   718   681   713   712
149 190    12558   730   710   724   827   782   778   815   735   803   723   724   722   680   712   767   877   843   842   828   719   684   713   716
153 190    10984   728   714   724   826   784   780   817   734   801   722   721   720   678   711   764   877   848   840   829   720   685   715   716
157 190    13240   729   711   724   830   781   779   818   734   799   724   722   719   679   711   764   875   845   840   830   718   686   713   714
161 190    10480   729   711   725   828   782   780   816   735   800   724   723   720   678   712   765   877   845   841   829   719   685   713   711
165 190    13490   730   710   724   828   783   781   815   734   801   726   720   722   678   712   766   877   846   840   831   717   684   711   713
169 190    12976   730   710   724   828   781   781   820   734   802   724   721   721   678   711   763   877   843   840   829   720   684   713   716
173 190    15620   729   713   723   830   783   779   818   734   802   724   721   720   680   713   768   877   844   840   829   722   683   712   718
177 190    13633   728   711   725   829   782   779   819   732   802   724   721   720   675   712   765   876   845   840   830   721   684   713   716
181 190    11482   727   712   721   828   782   777   818   735   799   724   720   722   679   713   766   877   846   840   829   718   684   712   714
185 190    10736   731   712   722   829   782   780   817   733   800   725   721   723   680   711   766   877   845   840   829   717   683   713   712
189 190    10121   728   712   724   828   783   780   818   733   801   724   721   721   676   710   765   875   845   841   828   716   685   712   710
193 190    11022   730   711   724   830   783   779   818   733   799   726   722   723   680   712   766   878   845   839   830   716   684   713   712
197 190    12369   729   712   723   830   782   780   818   735   799   724   722   720   680   711   767   880   845   839   830   719   685   714   714
201 190     7199   728   710   724   828   782   780   817   734   801   724   722   721   676   711   766   878   847   838   824   721   685   713   717
205 190    10346   730   712   721   830   781   779   818   735   798   724   721   719   679   709   768   876   845   840   830   720   685   713   718
209 190    12004   729   711   726   829   782   780   817   734   802   725   720   721   678   712   766   877   845   841   826   720   685   709   716
129 194    10331   729   712   723   828   782   780   817   732   801   724   723   721   680   711   768   875   844   842   829   722   685   711   716
133 194     8879   729   711   725   828   781   781   820   735   801   724   720   721   680   711   765   878   846   841   830   722   685   712   717
137 194    10136   727   711   726   830   782   780   818   733   801   724   721   719   677   712   767   876   844   841   829   721   685   713   714
141 194    11714   728   713   725   829   781   778   817   734   802   725   721   719   678   711   765   876   844   840   829   718   685   714   712
145 194     8812   726   710   727   830   782   780   818   732   800   724   720   719   678   713   767   876   848   843   831   716   685   713   712
149 194    10976   730   710   725   827   784   779   817   735   802   724   719   722   678   710   764   877   844   841   830   720   685   713   714
153 194    10523   729   714   723   829   783   777   817   733   801   726   721   720   679   711   766   876   847   840   831   721   682   714   717
157 194    14462   731   713   722   829   781   779   817   734   802   723   721   721   679   710   766   876   844   841   829   721   683   714   718
161 194    17156   732   713   722   829   782   777   817   734   800   725   721   722   680   711   766   877   843   838   829   716   684   712   715
165 194    19511   730   712   724   826   782   781   814   733   801   720   722   721   679   713   764   876   845   843   829   716   681   715   711
169 194    18300   732   713   721   830   782   777   818   735   799   724   721   720   680   711   767   877   846   840   828   717   685   712   713
173 194    21781   731   711   724   828   781   780   819   731   801   719   721   721   683   712   765   875   846   841   831   720   680   714   717
177 194    19132   731   713   725   829   783   780   818   734   798   724   722   722   680   707   767   878   844   841   830   719   686   713   717
181 194    16803   731   712   723   828   781   780   818   734   800   724   721   721   679   710   767   878   846   841   829   718   685   714   715
185 194     9854   729   708   725   827   782   780   815   734   800   724   720   721   678   713   766   877   845   841   827   716   685   711   711
189 194    11731   730   713   725   828   782   780   817   734   802   723   722   722   680   711   766   877   844   842   828   716   685   711   711
193 194     9194   729   709   722   828   780   780   820   734   802   723   721   721   677   711   764   877   846   842   829   717   685   712   712
197 194    10478   729   710   724   829   780   780   817   734   801   723   720   722   677   710   766   877   845   842   828   719   685   714   717
201 194     7566   728   710   725   832   783   779   818   734   799   723   722   718   679   713   768   877   844   839   829   723   684   714   714
205 194     7598   727   711   724   827   783   778   817   734   800   723   722   722   678   712   765   878   846   842   828   721   685   712   717
209 194     9712   730   711   723   828   784   777   816   733   800   724   720   721   677   712   766   875   846   841   828   719   686   712   716
129 198     9019   729   712   723   829   782   779   820   735   800   723   721   719   679   711   764   878   846   840   829   720   686   714   717
133 198    10675   731   712   721   828   781   778   818   734   800   725   722   720   680   711   767   877   845   840   829   720   684   713   716
137 198    11683   728   712   725   829   781   779   818   734   798   724   719   720   678   711   767   875   846   839   831   719   685   714   714
141 198    14796   730   711   724   827   783   781   816   735   800   724   721   721   678   711   765   876   847   842   827   717   684   714   713
145 198     9884   729   711   722   829   781   782   818   734   798   725   719   721   679   706   766   878   845   843   830   718   685   712   714
149 198    14072   732   712   723   829   779   781   818   735   801   724   720   721   680   710   767   878   845   841   830   716   685   714   711
153 198    11572   729   711   726   829   780   781   818   734   801   724   718   721   679   710   766   877   843   841   831   716   685   713   713
157 198    17694   730   711   726   829   781   781   819   734   801   724   717   720   679   711   765   877   844   842   830   720   684   711   715
161 198    19191   733   712   721   829   781   778   818   736   801   725   721   723   679   710   766   877   845   841   829   719   685   713   719
165 198    27926   733   713   726   829   780   780   816   737   800   721   720   721   679   711   766   878   844   841   829   723   683   712   718
169 198    26949   733   712   726   827   783   778   817   734   800   725   721   720   679   712   764   877   845   840   830   719   686   715   715
173 198    33119   735   714   723   830   783   781   817   735   800   724   722   720   678   712   765   877   845   841   827   719   686   714   715
177 198    28060   733   712   723   828   780   782   816   734   800   724   721   721   680   711   766   876   846   842   829   717   685   712   713
181 198    19911   732   711   723   830   782   777   818   734   801   724   722   722   679   713   767   878   845   842   829   717   685   714   712
185 198    17984   731   711   726   827   780   781   819   733   801   723   719   722   679   712   765   876   847   841   830   718   683   712   714
189 198    12043   731   712   722   827   782   778   816   734   800   723   722   721   681   709   765   877   847   842   830   719   684   714   715
193 198     8508   729   713   722   826   782   779   818   735   801   725   719   721   680   712   767   877   846   840   829   721   684   712   717
197 198    12571   729   711   725   827   782   779   820   735   799   725   720   721   679   710   764   878   847   840   830   721   686   713   718
201 198     9038   727   711   723   827   783   778   817   736   801   722   721   721   680   711   765   878   845   838   829   720   684   714   716
205 198     9607   729   710   726   829   780   780   817   733   801   725   719   722   679   711   766   878   845   841   829   721   686   712   715
209 198    12446   730   712   724   829   782   777   818   732   800   726   721   720   679   710   766   876   846   840   830   718   685   715   714
129 202     8455   729   712   725   830   781   780   818   735   802   724   718   720   677   713   766   878   843   841   830   720   684   712   714
133 202     7729   726   712   725   829   782   778   819   733   801   723   719   721   680   711   765   875   846   840   830   716   683   714   711
137 202    13310   730   712   727   829   780   780   818   735   804   724   719   722   680   709   766   877   844   841   830   715   685   714   712
141 202    10362   729   712   721   829   782   782   817   733   801   723   721   722   679   708   766   877   846   842   829   717   684   713   713
145 202    12752   730   712   725   828   783   780   815   734   801   722   722   722   676   712   765   877   845   841   828   718   683   712   716
149 202    11241   730   711   725   826   782   780   815   734   802   722   722   722   680   712   765   877   846   842   828   721   683   713   717
153 202    13044   731   711   723   828   782   779   818   735   801   724   719   724   679   711   766   878   844   841   829   722   685   713   718
157 202    19581   731   714   724   825   783   781   818   735   801   723   721   721   678   712   763   876   846   841   829   720   682   714   715
161 202    26269   735   712   725   828   782   780   819   734   799   724   721   720   682   712   765   877   846   839   831   716   682   715   712
165 202    30594   734   714   725   828   783   780   816   733   801   723   721   721   680   711   764   877   847   840   828   716   685   713   714
169 202    33254   733   710   722   830   785   779   817   737   800   724   722   724   679   710   767   876   845   841   829   718   685   714   717
173 202    38850   735   714   723   828   782   781   817   733   800   722   721   720   681   710   764   876   846   841   831   721   682   713   716
177 202    30922   735   712   724   828   782   780   817   733   800   724   720   721   678   711   767   876   845   842   831   719   685   713   717
181 202    27749   733   712   728   829   781   780   819   734   800   724   719   720   677   711   767   876   845   841   831   717   685   713   714
185 202    19384   732   712   723   828   782   778   817   737   799   724   722   721   678   711   767   877   846   840   830   715   685   713   712
189 202    16011   727   713   725   828   783   780   818   734   801   723   719   721   679   714   764   875   845   841   829   717   683   712   712
193 202    10914   728   713   724   831   784   777   817   733   802   723   721   721   677   713   767   875   843   840   830   717   687   713   712
197 202    12835   729   711   723   829   781   781   817   735   798   724   721   723   677   711   766   877   844   841   828   717   685   712   714
201 202    12876   729   710   724   830   780   780   818   734   800   724   719   720   679   711   768   878   843   840   830   720   685   712   715
205 202    11116   728   712   726   829   783   781   814   733   801   722   721   720   678   709   765   875   845   840   828   720   684   713   717
209 202     8943   728   711   725   826   783   780   817   734   802   722   721   721   679   712   764   876   846   841   827   720   683   712   717
129 206    12974   725   712   723   829   782   779   818   736   799   724   722   720   679   711   766   878   847   839   830   719   687   713   717
133 206    10994   729   712   725   827   782   781   817   736   802   724   718   721   678   706   767   880   840   841   829   723   684   713   718
137 206     6468   729   711   724   829   782   779   818   735   801   725   719   722   677   712   766   878   845   841   829   720   685   711   717
141 206    10232   729   707   726   828   783   780   819   734   802   724   720   722   676   710   765   878   844   841   831   719   685   713   718
145 206    14514   730   711   725   829   784   779   816   733   801   722   720   720   679   711   766   876   846   841   830   718   684   711   712
149 206    13268   730   712   723   829   780   781   817   735   802   725   721   722   679   707   767   877   846   843   830   716   685   714   712
153 206    17124   731   712   725   828   782   777   816   734   800   723   722   721   680   712   766   876   846   842   828   716   682   714   713
157 206    21441   730   713   725   829   780   778   819   732   799   724   721   720   680   713   767   876   846   839   830   717   684   714   711
161 206    29182   733   713   722   831   782   778   819   732   800   725   722   723   681   710   768   874   846   840   830   717   684   714   713
165 206    37739   736   712   725   828   781   780   818   734   801   722   723   721   679   711   764   877   845   841   828   722   683   713   716
169 206    46923   738   712   721   830   783   778   817   734   802   725   721   720   680   711   767   876   844   840   829   721   684   712   718
173 206    46795   737   713   721   829   782   781   818   735   801   723   721   719   679   709   766   877   845   840   829   719   684   714   714
177 206    43193   737   710   725   829   782   780   816   733   802   727   721   720   678   713   765   877   845   840   829   718   685   712   712
181 206    35543   735   711   725   828   783   778   819   733   797   726   721   722   678   711   766   876   846   840   830   715   685   713   712
185 206    23222   732   710   725   827   784   778   817   732   799   725   720   722   677   712   765   876   845   842   830   717   685   714   713
189 206    18787   731   712   727   829   783   780   818   734   802   724   719   720   680   710   765   877   845   841   832   717   683   713   713
193 206    13713   730   712   726   828   782   778   818   733   800   725   720   723   678   711   767   876   845   841   830   718   684   713   714
197 206     9725   730   711   722   829   783   781   818   734   801   725   722   720   677   709   767   876   846   841   829   719   684   711   715
201 206    11017   727   712   723   829   785   781   816   734   801   723   721   719   679   709   768   877   846   841   829   721   684   713   717
205 206    10075   726   711   726   831   782   781   817   734   801   724   719   722   679   710   767   877   844   840   830   723   685   714   716
209 206    10858   728   712   724   826   779   778   817   734   801   724   721   721   679   711   767   875   845   840   830   718   684   712   716
129 210     7312   725   712   722   831   781   778   818   732   800   723   720   719   680   710   769   874   845   842   829   721   683   714   715
133 210    14064   729   712   723   828   782   781   817   735   799   724   720   723   680   707   765   879   846   840   830   720   686   713   716
137 210     7891   730   707   725   826   783   780   818   734   800   724   719   721   675   711   766   877   846   841   830   720   685   712   718
141 210    11013   728   712   724   828   782   780   817   732   801   723   721   720   679   711   768   875   846   841   829   721   682   714   714
145 210    13247   731   710   721   830   782   779   817   736   798   724   721   721   679   710   766   880   846   841   829   718   684   714   716
149 210    13141   730   710   725   829   782   781   815   735   802   724   720   721   678   713   766   877   844   842   828   716   685   711   712
153 210    16362   731   712   725   829   778   780   818   735   801   724   721   722   680   712   766   877   845   841   828   716   685   711   712
157 210    24552   730   711   725   829   783   781   819   732   802   724   723   719   678   711   766   875   845   841   828   718   685   712   713
161 210    32507   733   713   722   829   783   778   819   734   800   726   721   721   679   709   765   878   846   839   830   717   685   713   713
165 210    41959   738   714   725   828   784   781   816   734   801   724   723   721   679   712   766   878   848   841   828   721   684   712   716
169 210    49371   739   711   727   828   785   780   817   733   801   724   721   722   678   711   765   876   845   842   827   720   686   714   718
173 210    50019   739   714   725   829   781   778   818   736   801   723   719   722   680   711   767   878   846   842   829   720   684   712   718
177 210    42259   735   712   723   832   781   780   818   735   799   724   725   719   678   711   766   877   846   841   829   718   685   713   714
181 210    36759   734   711   725   827   783   780   817   733   800   725   722   722   681   712   765   876   847   841   831   718   686   713   713
185 210    25118   733   713   725   826   782   780   819   733   802   725   721   722   680   713   763   876   847   840   829   716   685   711   711
189 210    17981   732   711   725   830   784   778   816   733   801   725   721   719   678   712   766   876   845   840   829   716   683   712   712
193 210    14958   729   710   724   829   780   781   817   735   800   724   721   722   678   710   767   877   845   841   828   719   685   714   715
197 210    11471   730   713   724   827   782   780   816   735   800   723   721   722   680   712   765   879   846   838   829   719   681   714   715
201 210    12167   732   710   725   828   785   778   818   733   800   724   721   723   678   713   765   876   847   841   830   719   684   711   717
205 210    10732   728   713   722   827   782   779   816   732   801   722   721   722   678   712   766   875   846   842   828   722   684   712   717
209 210     9275   731   711   724   828   785   778   816   734   799   724   719   721   677   713   766   878   847   841   828   721   685   715   718
129 214     7539   729   710   723   828   784   779   817   735   802   725   720   722   676   713   767   876   845   841   829   716   685   712   712
133 214    12065   729   711   724   829   782   778   819   734   801   725   721   722   679   712   766   876   845   839   829   719   687   712   713
137 214    11180   730   713   724   828   783   778   817   732   799   724   720   721   678   710   764   876   846   842   831   718   685   713   714
141 214     7252   728   711   722   828   782   779   816   735   801   723   720   720   678   712   766   877   844   840   829   720   684   712   715
145 214    13246   730   712   725   827   781   779   816   735   799   724   721   722   680   712   764   877   842   839   829   721   686   715   718
149 214    15174   729   712   725   824   781   777   815   732   801   726   721   722   680   712   764   874   847   839   830   721   684   714   717
153 214    20469   731   713   726   828   783   779   820   732   801   724   722   721   680   711   764   874   845   842   830   722   683   711   718
157 214    22800   733   711   726   830   781   778   818   736   800   725   720   720   680   709   766   879   845   841   829   720   686   713   714
161 214    30827   732   712   725   827   783   780   816   734   801   723   722   719   681   710   763   878   846   842   830   718   682   713   713
165 214    39309   738   713   725   828   783   780   818   734   801   722   723   721   679   711   763   876   847   841   828   717   683   712   710
169 214    45470   739   711   726   829   782   780   817   734   799   726   718   721   678   711   766   879   844   839   830   716   686   713   713
173 214    44516   736   713   724   829   783   778   819   733   800   722   722   720   679   712   766   875   846   841   830   719   684   712   712
177 214    45518   737   713   724   831   783   781   818   735   799   725   720   720   679   710   768   877   847   842   829   720   684   714   717
181 214    35840   736   712   725   827   782   781   815   734   801   723   721   721   678   710   765   877   847   841   830   720   685   714   717
185 214    23751   727   714   727   831   784   778   819   734   800   726   718   717   679   712   765   876   846   839   830   718   683   714   713
189 214    17402   731   714   725   827   783   780   817   733   801   721   722   720   680   711   765   876   845   842   827   716   683   713   710
193 214    12233   728   713   726   829   781   780   817   732   801   723   721   720   681   712   766   875   846   840   828   718   682   713   714
197 214    10617   729   710   724   826   784   780   814   734   801   723   722   722   676   712   765   878   847   840   824   720   685   711   716
201 214     9991   729   710   725   829   782   779   815   734   801   724   720   721   677   712   766   877   843   842   829   722   685   709   717
205 214     7541   728   711   724   824   783   780   817   734   800   722   723   722   678   710   763   877   848   841   829   721   682   712   717
209 214     8265   727   713   724   828   783   781   818   731   799   722   721   720   679   712   765   873   845   839   829   720   684   713   716
129 218    10249   729   712   724   829   783   782   818   735   798   724   721   720   680   708   767   875   846   838   829   715   684   713   712
133 218     8488   728   710   724   827   782   778   818   733   800   724   721   721   677   711   765   876   847   841   832   719   685   714   714
137 218    12487   731   712   725   829   783   780   817   735   799   723   721   723   680   711   766   877   846   841   828   719   684   715   718
141 218    13899   730   712   725   828   782   778   817   734   799   724   720   722   679   712   765   876   846   843   828   721   685   713   718
145 218    13046   730   712   723   828   782   779   819   734   800   724   718   723   679   714   766   877   845   840   830   720   685   710   717
149 218    10467   728   711   723   828   784   779   817   736   799   725   721   722   677   711   766   879   846   840   830   720   685   711   716
153 218    17472   733   713   725   829   783   780   817   734   799   720   720   721   680   711   766   878   844   841   829   717   682   714   714
157 218    23431   732   714   725   829   783   780   816   734   800   722   722   721   681   712   767   877   846   841   828   717   684   714   711
161 218    30410   734   714   725   829   780   779   817   735   803   724   722   722   679   712   766   877   845   842   828   717   686   714   713
165 218    36377   736   713   724   827   782   780   818   733   801   721   721   721   678   709   765   877   845   842   830   716   684   715   712
169 218    39890   736   712   722   828   782   780   816   737   800   725   721   722   679   712   767   879   847   841   829   718   684   712   714
173 218    39075   736   711   726   830   783   780   818   735   801   722   718   720   678   712   767   877   846   841   829   720   684   711   715
177 218    37260   735   715   725   830   781   780   817   734   802   721   720   720   680   710   765   875   846   841   829   722   682   712   717
181 218    27989   734   713   723   829   780   779   816   733   801   722   721   721   680   712   767   875   845   842   827   721   685   711   717
185 218    22666   731   712   725   829   781   780   817   734   802   721   721   721   680   710   767   876   843   842   830   716   683   713   715
189 218    17168   731   711   724   829   783   782   816   735   800   723   720   723   680   710   766   877   846   841   827   716   685   713   712
193 218    10675   728   713   726   829   783   781   816   736   800   723   720   719   681   711   766   879   846   841   830   717   685   712   714
197 218     8744   728   713   726   828   783   781   816   735   800   723   721   721   680   709   765   877   844   843   828   720   684   714   717
201 218    10368   728   710   724   828   782   780   816   732   801   721   723   719   678   712   765   876   846   842   827   721   683   713   719
205 218     8525   728   711   724   828   783   777   819   732   801   725   722   722   677   711   765   875   845   840   831   720   684   712   716
209 218    12555   728   710   725   828   784   780   816   736   800   723   722   721   677   711   767   877   846   841   830   720   684   715   717
129 222     9026   728   711   724   829   782   779   817   733   801   724   721   721   679   711   765   875   845   839   830   717   683   714   711
133 222     7198   730   711   723   827   782   782   818   734   801   724   720   720   680   709   765   877   844   841   829   718   685   714   714
137 222     9937   726   713   723   827   783   779   818   734   801   724   722   720   680   711   765   876   846   841   830   721   684   714   717
141 222    12366   730   714   723   829   782   779   819   733   802   722   721   721   678   710   766   875   844   843   829   721   683   713   719
145 222    14814   729   712   725   829   783   779   816   734   801   724   721   720   677   713   766   877   846   841   827   718   685   710   715
149 222    12825   730   712   723   829   780   780   817   734   801   722   719   721   679   711   767   877   843   842   829   717   684   710   712
153 222    15227   732   712   723   827   782   777   818   733   797   724   720   724   680   712   765   876   846   840   829   715   686   712   711
157 222    17230   730   712   725   827   782   779   818   732   801   722   721   721   677   712   763   876   845   841   832   719   684   713   714
161 222    22477   730   712   723   830   781   777   817   734   800   725   719   719   680   711   768   876   846   842   829   721   685   713   717
165 222    27308   733   713   725   828   782   780   817   734   801   723   722   720   680   712   766   879   846   842   827   723   684   710   718
169 222    31922   735   713   725   828   782   778   818   734   802   724   721   721   679   712   766   877   845   840   830   723   685   715   717
173 222    30738   734   715   725   830   781   781   817   735   801   721   723   721   681   711   766   877   846   842   829   719   681   713   715
177 222    25635   731   711   723   830   782   783   818   734   800   725   720   720   678   708   766   877   846   842   830   717   685   713   713
181 222    22565   733   709   726   829   783   780   817   735   802   725   722   721   676   711   766   879   845   841   826   717   684   712   713
185 222    19193   728   714   726   830   784   780   818   734   801   723   722   719   681   712   766   878   846   842   830   716   684   712   715
189 222    14412   729   711   724   829   781   781   818   735   801   725   720   721   679   711   766   878   845   842   830   718   685   713   717
193 222    13206   730   712   725   829   783   779   815   735   801   722   722   722   681   712   765   877   845   842   828   719   682   712   715
197 222    11871   730   712   724   829   783   780   817   732   802   723   721   721   678   712   766   875   846   841   830   721   683   711   717
201 222     9262   729   710   723   827   784   778   818   731   802   725   721   722   678   711   764   875   847   842   831   721   686   714   717
205 222    10753   729   712   723   831   783   780   818   734   801   724   720   720   680   708   768   878   846   842   830   721   683   714   717
209 222    11604   731   710   725   828   784   781   818   734   799   723   722   722   678   711   767   878   844   841   829   720   685   714   718
129 226     6659   726   711   724   828   783   781   818   735   801   724   721   721   678   710   767   877   845   842   829   719   685   714   713
133 226    11766   730   710   726   829   782   780   817   732   802   722   719   722   677   711   766   875   844   842   830   715   683   713   713
137 226     9505   730   710   725   827   783   780   817   734   799   723   722   722   679   712   766   877   846   840   828   718   684   713   717
141 226    11348   729   712   725   828   783   779   816   735   799   723   721   722   679   712   766   877   846   840   826   719   685   712   719
145 226     6303   728   712   725   831   782   780   818   735   800   723   719   723   679   710   767   878   848   839   829   720   684   712   721
149 226    12466   730   710   725   827   784   781   816   735   801   725   723   721   678   712   767   876   846   840   829   720   685   713   716
153 226    14220   729   715   724   828   779   780   818   732   801   719   719   719   679   714   766   876   846   841   828   719   684   710   714
157 226    13609   729   714   724   829   782   780   815   736   800   722   722   720   681   710   767   878   846   841   830   717   683   714   712
161 226    19226   732   710   724   828   784   778   818   734   799   723   720   723   677   711   766   878   847   838   831   716   687   713   713
165 226    19202   733   712   724   827   783   780   817   734   799   724   721   723   680   709   766   877   846   841   828   718   683   712   715
169 226    18921   730   714   725   827   782   780   818   734   801   722   722   720   678   712   765   876   846   841   832   722   684   713   718
173 226    21193   732   712   724   828   783   780   819   735   801   722   721   721   680   711   765   878   846   842   828   720   683   715   717
177 226    21822   730   713   725   830   781   781   816   734   802   724   722   719   680   711   767   877   845   843   828   719   685   712   712
181 226    13920   728   713   722   829   781   780   817   735   801   724   722   718   680   710   766   877   844   843   828   718   685   715   711
185 226    15885   729   713   725   829   782   779   816   733   801   725   721   719   679   712   764   877   847   840   830   715   686   713   712
189 226    10777   728   712   725   827   782   781   817   734   800   722   721   721   679   712   764   877   847   841   829   717   684   714   714
193 226    10511   729   711   723   828   781   777   818   734   801   724   718   719   678   713   767   878   844   842   831   719   686   713   714
197 226     5035   728   712   725   829   781   780   817   735   801   723   722   721   679   711   766   875   847   840   827   719   683   712   714
201 226    10100   728   709   726   826   780   781   817   734   802   725   721   722   678   712   765   879   846   841   828   721   685   713   716
205 226    10771   729   712   724   830   783   779   818   733   801   723   721   719   679   712   767   876   846   840   830   721   683   715   716
209 226     9948   729   708   725   828   783   780   817   735   802   724   722   721   678   711   766   877   846   841   829   720   685   713   717
129 230     7427   729   712   724   827   784   780   816   734   801   723   722   721   679   711   764   877   846   841   830   720   684   715   717
133 230    10080   728   713   722   828   783   777   818   736   800   724   720   719   679   712   767   877   846   840   829   721   685   713   716
137 230     8970   729   711   726   827   783   780   816   733   801   721   723   721   679   713   766   878   846   841   826   720   682   711   716
141 230    13463   730   710   724   828   786   780   816   734   802   724   721   722   674   714   766   877   845   841   828   719   685   709   715
145 230    12546   731   711   726   829   779   781   817   734   801   724   719   721   680   712   767   878   844   842   830   718   684   713   713
149 230    11425   728   712   725   830   783   781   820   731   801   723   721   720   680   711   766   874   846   839   830   717   681   714   712
153 230    12537   729   711   726   829   780   781   818   734   799   725   720   722   679   711   766   878   844   841   830   715   684   713   714
157 230    16231   730   711   725   829   782   780   815   734   802   722   723   721   677   711   766   877   842   841   830   720   684   714   713
161 230    15579   729   713   726   825   781   780   815   736   799   724   721   722   679   712   764   879   846   839   829   721   686   714   718
165 230    16248   729   713   724   834   780   780   818   734   800   724   722   719   680   713   766   876   846   838   830   721   686   714   713
169 230    15262   729   712   725   828   783   780   814   731   802   722   722   721   679   711   766   874   846   842   828   718   682   713   711
173 230    15733   727   712   723   832   783   777   818   733   801   724   722   718   680   712   766   876   846   841   828   716   685   713   709
177 230    17008   731   710   726   829   782   781   818   734   802   725   717   721   676   712   767   877   844   841   830   718   685   712   712
181 230    12039   730   712   725   828   782   781   817   735   801   724   722   719   680   710   767   877   847   843   826   719   685   712   713
185 230    12115   724   712   725   832   782   779   818   734   802   725   722   718   679   712   767   876   845   841   829   718   681   713   712
189 230    12542   728   713   724   826   783   780   814   733   802   721   722   721   682   712   765   874   846   841   827   720   681   713   717
193 230     8904   729   712   724   829   781   780   817   735   801   724   721   721   677   712   767   878   848   842   827   720   684   712   716
197 230     7458   729   712   726   829   778   781   818   735   801   724   721   720   680   710   766   877   844   842   830   721   685   714   719
201 230    12236   729   710   725   830   782   780   815   734   802   724   720   722   680   710   767   877   843   842   829   719   685   712   715
205 230     9328   730   709   725   826   782   780   814   734   800   724   721   721   675   713   766   878   846   840   828   717   685   713   712
209 230    11448   729   710   726   828   782   780   819   731   802   721   721   722   677   711   765   874   847   839   832   716   685   714   713
129 234    11386   729   712   723   828   783   776   819   731   801   722   722   720   679   711   766   874   846   838   831   719   683   713   714
133 234     5927   726   712   726   827   783   778   818   732   801   724   721   721   678   711   765   875   847   842   830   716   683   713   712
137 234     9573   728   712   725   826   782   780   816   734   801   722   723   722   681   711   764   877   846   841   829   716   683   715   712
141 234    12536   730   712   726   829   783   780   818   735   799   726   720   721   679   709   766   877   846   840   830   717   686   713   713
145 234    12097   729   711   725   828   784   781   818   734   801   724   718   722   678   712   766   877   846   842   829   718   685   710   715
149 234    11322   730   711   725   829   782   782   818   735   802   724   720   723   680   711   767   877   843   842   829   719   684   711   717
153 234    12923   729   713   725   830   783   779   817   734   799   724   721   719   680   710   765   877   845   841   830   719   683   715   717
157 234    12888   729   712   724   830   781   780   818   736   800   723   720   721   679   709   767   878   846   841   830   719   687   713   714
161 234    11052   729   710   725   828   782   782   817   735   800   725   721   723   680   711   766   876   844   841   830   717   685   713   714
165 234    12737   728   712   723   829   783   779   818   734   798   724   721   718   679   711   766   877   846   840   829   715   684   713   711
169 234     8216   729   711   724   827   782   781   817   733   802   724   722   722   678   711   765   876   845   842   830   717   685   713   713
173 234    12030   730   712   724   826   781   779   817   733   802   724   720   722   680   712   767   877   845   843   829   721   686   711   716
177 234    11253   730   713   727   829   782   781   817   734   800   724   720   722   680   707   766   878   845   843   830   719   686   713   716
181 234    12513   732   712   726   828   783   778   819   734   800   725   720   721   680   709   767   876   844   840   830   721   685   714   718
185 234    11682   729   710   724   831   782   780   819   735   801   724   722   721   679   711   766   877   846   840   830   720   683   714   716
189 234    12100   729   712   722   829   783   779   819   734   800   723   721   721   682   712   764   877   846   842   831   720   684   717   718
193 234     9526   729   710   724   828   780   779   818   735   801   724   719   723   678   713   767   877   845   842   829   718   685   714   713
197 234     9966   729   711   724   826   781   780   817   734   802   723   721   723   680   712   764   877   845   841   829   718   685   712   712
201 234     9825   728   712   724   829   782   779   817   733   800   724   721   720   680   713   767   877   845   841   829   716   685   712   713
205 234    12865   728   712   724   829   781   781   818   732   802   724   720   721   680   712   768   873   846   841   830   717   684   713   712
209 234    10863   730   711   724   828   782   781   817   735   800   724   720   721   679   710   766   877   847   842   829   715   686   714   714
129 238     9291   730   711   722   830   782   779   818   732   798   725   720   722   679   710   766   879   845   840   829   718   685   710   716
133 238     9944   726   712   726   831   782   779   818   734   800   721   722   720   680   711   766   875   846   841   830   717   684   714   711
137 238    10585   730   712   724   829   783   780   817   736   801   725   721   721   680   710   767   877   844   840   831   719   685   713   713
141 238     9288   729   711   725   827   784   780   817   734   800   723   721   720   679   712   764   877   847   840   830   717   685   715   713
145 238    10812   729   712   722   829   783   777   819   735   800   724   721   720   679   712   766   877   844   841   830   722   685   711   716
149 238    10497   728   710   726   829   782   781   817   735   803   724   719   721   679   712   765   877   843   841   828   720   685   713   716
153 238     7296   729   711   723   829   780   780   816   733   803   724   722   722   679   711   766   876   844   842   828   719   685   714   714
157 238    10675   729   710   724   828   783   777   819   733   800   726   719   721   678   712   766   875   847   840   832   716   685   712   711
161 238    11531   730   710   724   830   784   780   818   735   800   725   720   721   678   712   766   877   846   840   829   716   687   714   712
165 238    10595   725   711   723   829   781   779   817   732   802   722   721   721   680   713   768   877   844   841   830   719   683   714   713
169 238    11507   732   711   723   829   784   781   818   734   800   723   723   722   678   710   766   878   846   840   827   720   688   713   720
173 238    10454   731   711   724   829   782   781   817   734   800   724   720   723   678   708   766   878   847   841   828   721   686   715   718
177 238     9725   729   712   725   829   780   780   817   733   802   722   719   722   678   709   767   876   844   842   832   722   681   712   716
181 238    11346   729   712   726   828   782   780   815   734   801   724   720   720   680   710   766   879   844   841   832   719   685   715   715
185 238    11157   728   710   725   829   784   779   815   736   801   723   722   719   678   712   767   877   845   840   829   717   685   714   713
189 238    11967   729   712   722   828   783   778   817   737   800   727   719   721   680   711   767   878   846   840   830   717   686   712   713
193 238    11590   730   711   723   828   785   778   819   733   800   725   719   721   677   712   764   876   846   839   831   717   685   713   711
197 238     8715   730   712   726   830   783   780   817   734   799   724   718   723   678   710   766   878   844   842   830   718   684   713   713
201 238    11152   728   711   728   829   784   781   817   735   801   725   717   719   679   711   766   876   845   841   829   721   685   712   713
205 238    11977   729   710   725   829   784   778   818   732   800   725   721   722   677   714   766   875   845   842   829   722   685   712   718
209 238    10418   726   712   725   829   781   782   815   735   802   722   721   719   679   711   766   878   844   843   830   722   683   714   720
129 242     9192   727   714   723   828   781   781   816   734   799   722   721   720   682   711   767   878   844   841   830   720   682   714   713
133 242     8894   727   712   725   827   781   781   816   733   801   723   722   722   678   712   765   877   845   843   829   720   684   714   716
137 242    12608   728   713   725   827   781   780   818   734   801   722   722   720   681   712   765   876   845   841   831   720   683   714   715
141 242    13015   729   713   724   829   783   776   817   733   801   724   721   720   678   713   767   876   845   837   829   718   685   711   714
145 242    11084   730   710   725   828   782   780   815   735   800   724   722   724   677   712   766   877   846   840   828   716   685   712   713
149 242     9888   729   712   722   829   781   779   817   735   801   725   723   721   678   711   766   878   846   842   828   717   685   712   712
153 242    11265   731   711   723   828   784   780   815   736   799   724   721   723   678   709   766   878   847   842   828   717   685   712   714
157 242    11528   728   713   725   827   783   778   818   733   802   725   723   721   681   712   764   877   843   840   830   722   684   711   716
161 242    11854   729   713   723   826   783   781   817   734   800   724   721   721   679   709   764   878   847   841   830   722   685   715   717
165 242    11270   728   712   724   829   782   779   820   735   803   725   720   722   680   709   764   877   844   844   829   721   684   713   718
169 242    10752   727   710   724   829   783   778   817   733   802   724   722   720   678   712   765   876   846   841   828   721   685   712   716
173 242     8710   729   712   726   828   781   779   818   733   803   725   719   722   679   710   767   875   843   841   829   718   684   713   714
177 242    10967   727   710   726   830   784   781   817   734   801   724   721   717   677   711   767   877   845   840   829   717   686   712   711
181 242    13336   729   713   724   827   781   781   817   733   800   722   721   721   679   710   764   876   846   844   830   719   683   713   713
185 242    11715   727   711   726   830   783   780   818   734   800   725   720   721   680   712   766   878   846   840   830   720   686   713   716
189 242     9409   731   711   723   828   782   778   816   735   798   724   722   723   678   711   766   877   846   842   828   720   685   711   719
193 242     9381   728   713   723   828   782   779   816   733   801   722   722   720   681   711   766   876   847   841   831   720   682   714   715
197 242    13631   727   712   725   831   781   780   818   734   802   722   720   719   680   713   766   876   845   843   829   718   683   712   713
201 242     8808   728   712   724   831   782   781   818   734   801   722   722   720   679   712   767   875   845   841   829   716   683   714   712
205 242     8670   729   708   724   829   783   781   817   735   801   723   722   721   677   711   766   876   846   841   828   716   686   712   712
209 242    11673   727   713   725   830   784   779   819   733   798   724   721   720   678   711   765   876   844   841   829   717   684   714   713
129 246    11531   729   711   723   827   784   780   817   733   800   724   721   722   678   712   764   875   845   842   828   716   686   712   712
133 246    10184   730   709   723   829   782   782   817   736   801   724   722   721   676   709   766   877   846   841   829   717   686   715   715
137 246     9504   729   711   725   826   784   778   817   734   799   724   719   724   678   710   764   877   845   842   832   721   685   712   718
141 246     9299   728   711   723   829   781   780   817   735   802   724   720   721   679   710   767   877   844   840   828   722   686   710   716
145 246    11146   730   713   723   827   783   782   817   735   799   721   721   720   679   710   764   878   846   844   830   718   682   714   715
149 246    13041   729   713   722   830   783   779   818   735   800   723   720   723   678   710   767   877   846   840   829   718   687   714   713
153 246     8965   728   713   727   828   781   780   818   733   801   724   720   722   680   710   766   876   843   841   829   715   685   713   712
157 246     9818   728   711   726   828   782   781   815   735   800   723   723   720   677   712   766   878   848   842   829   719   685   713   714
161 246     8987   727   711   725   831   782   778   818   732   801   727   720   721   679   711   765   875   845   836   830   720   683   710   716
165 246     9264   730   712   725   829   779   781   816   735   801   723   723   720   680   712   766   877   842   844   829   721   683   713   718
169 246    11484   729   710   723   828   785   781   817   737   801   723   722   721   678   710   766   878   845   839   828   721   687   713   716
173 246    10898   729   710   725   830   782   779   817   735   800   727   721   718   678   711   767   875   846   839   830   718   686   714   712
177 246     9144   728   711   725   829   784   780   818   734   801   724   720   722   678   708   767   878   846   841   831   718   685   714   716
181 246     8656   730   712   725   828   783   780   815   735   800   724   721   721   680   711   768   878   848   840   829   716   685   714   711
185 246    10961   729   714   726   828   781   779   819   733   802   719   720   722   680   710   765   876   846   842   830   717   681   713   713
189 246    12436   727   712   725   830   781   780   817   735   802   724   721   719   680   712   769   877   843   842   830   719   685   712   714
193 246    12374   727   711   726   827   781   781   816   735   800   722   722   722   678   711   764   878   846   842   829   720   683   716   718
197 246    13181   726   711   724   829   783   779   816   735   801   723   721   719   678   712   766   876   845   839   830   720   685   713   718
201 246     9634   729   712   722   830   783   779   817   734   799   723   721   720   678   711   767   877   846   842   828   719   685   710   716
205 246     8294   726   715   725   829   780   781   816   734   801   722   721   720   680   712   766   877   847   841   829   717   683   714   713
209 246     8213   726   711   723   827   782   782   817   735   801   725   722   721   680   710   768   877   846   841   828   716   685   714   711
129 250     8850   727   710   723   827   784   778   816   733   798   724   721   722   679   712   767   875   846   841   829   717   684   711   714
133 250     9661   729   712   722   830   781   780   818   734   804   721   720   722   680   713   767   876   845   842   829   718   684   712   711
137 250    10889   730   711   725   829   783   778   818   732   799   725   719   722   678   710   766   876   846   842   830   717   685   713   712
141 250     8793   728   712   724   831   783   778   816   734   800   724   722   718   680   711   768   877   844   839   830   718   683   714   712
145 250    10073   730   710   725   829   783   780   816   735   802   724   722   722   678   711   766   879   845   840   827   721   684   712   717
149 250    10781   729   714   725   827   782   779   816   733   799   721   722   721   680   712   764   877   845   841   829   721   684   713   717
153 250    10178   729   711   725   827   783   780   818   735   799   722   721   722   679   711   764   878   848   842   830   721   683   714   717
157 250     8540   728   711   727   827   781   781   820   734   802   724   720   722   680   710   764   878   845   842   831   719   684   713   717
161 250    11202   727   712   723   829   781   779   817   734   802   724   720   721   680   711   766   877   844   841   827   720   684   711   714
165 250     9007   727   713   724   828   782   779   817   734   802   725   722   720   680   712   765   876   845   839   830   718   682   714   712
169 250     9486   728   714   724   828   780   778   817   733   801   723   719   720   681   712   765   876   847   841   832   717   683   712   711
173 250    10395   727   711   726   830   783   779   818   733   801   724   719   719   679   711   767   875   843   841   830   719   686   712   714
177 250    12293   730   711   724   827   781   780   818   732   799   724   718   722   680   709   764   876   847   841   830   717   685   712   714
181 250    14212   729   712   727   828   781   781   816   734   801   722   718   722   680   710   765   878   845   844   831   721   682   713   717
185 250     7685   729   709   722   829   782   778   818   734   800   725   721   722   676   711   767   877   847   840   828   721   687   714   720
189 250     7683   728   712   723   827   782   780   818   735   801   725   720   722   680   708   764   877   845   842   830   718   686   712   715
193 250     8723   729   708   724   828   784   781   816   737   800   724   720   722   676   709   765   879   845   841   828   717   684   716   713
197 250     9643   728   712   722   830   782   780   817   734   801   724   724   722   680   709   767   876   846   842   827   716   685   715   712
201 250     8692   729   712   723   829   782   779   817   735   801   723   723   721   679   712   766   878   845   841   828   717   686   712   712
205 250     8652   729   710   725   829   784   781   819   733   800   723   723   722   679   712   764   877   845   841   832   718   683   714   715
209 250     8621   729   710   725   830   782   780   818   733   801   723   720   721   678   710   766   876   845   841   828   722   686   714   718
